DAUID,Population,Population 15 to 64,Pop_65plus,Pop15plus
35200002,333,215,65,280
35200003,314,190,85,275
35200004,346,230,75,305
35200005,412,275,70,345
35200006,520,345,95,440
35200007,644,395,150,545
35200009,313,225,55,280
35200010,275,195,30,225
35200012,508,385,65,450
35200013,71,50,10,60
35200018,772,360,315,675
35200028,1192,800,165,965
35200029,365,250,55,305
35200030,507,335,100,435
35200031,1139,755,215,970
35200032,702,480,130,610
35200033,447,315,65,380
35200034,817,575,140,715
35200035,651,450,120,570
35200036,283,210,50,260
35200037,1256,885,195,1080
35200039,285,180,70,250
35200041,845,605,140,745
35200042,682,465,110,575
35200043,595,400,100,500
35200044,235,155,45,200
35200046,790,525,145,670
35200047,952,635,90,725
35200048,977,625,115,740
35200049,788,520,135,655
35200050,971,660,150,810
35200051,464,310,95,405
35200052,370,265,50,315
35200053,286,190,60,250
35200054,360,260,65,325
35200055,461,325,95,420
35200056,280,200,45,245
35200057,242,170,35,205
35200058,249,185,30,215
35200062,718,490,135,625
35200064,645,420,140,560
35200065,391,245,100,345
35200066,474,300,125,425
35200067,623,380,150,530
35200068,470,320,110,430
35200069,676,455,135,590
35200070,532,345,125,470
35200071,387,250,85,335
35200072,344,220,80,300
35200073,348,220,95,315
35200074,232,155,60,215
35200078,680,455,155,610
35200079,1170,715,345,1060
35200080,443,250,135,385
35200082,328,210,85,295
35200085,335,220,95,315
35200086,527,340,110,450
35200087,595,400,105,505
35200088,439,265,120,385
35200089,572,375,145,520
35200090,566,365,135,500
35200091,510,360,85,445
35200092,712,485,120,605
35200093,638,430,135,565
35200094,428,35,395,430
35200095,481,325,105,430
35200096,221,140,55,195
35200097,247,175,50,225
35200099,227,170,40,210
35200100,351,235,65,300
35200101,991,670,215,885
35200102,874,580,175,755
35200103,256,145,70,215
35200104,954,580,260,840
35200105,1193,780,245,1025
35200106,1252,855,190,1045
35200107,213,140,40,180
35200108,436,280,115,395
35200109,503,300,140,440
35200110,544,345,125,470
35200111,456,285,120,405
35200112,894,615,160,775
35200114,962,600,235,835
35200115,811,545,150,695
35200116,484,325,115,440
35200117,810,550,140,690
35200118,485,320,100,420
35200119,257,175,50,225
35200120,970,455,415,870
35200121,460,295,100,395
35200123,920,615,185,800
35200124,774,500,180,680
35200125,617,415,120,535
35200126,459,300,90,390
35200127,716,460,145,605
35200128,664,430,155,585
35200133,1042,645,220,865
35200134,652,405,175,580
35200135,451,310,80,390
35200136,436,305,65,370
35200137,546,380,105,485
35200138,281,190,40,230
35200139,366,270,60,330
35200140,370,245,80,325
35200141,546,325,150,475
35200142,427,275,100,375
35200143,703,435,205,640
35200144,511,355,90,445
35200145,469,310,100,410
35200146,482,300,110,410
35200147,457,310,95,405
35200148,392,265,80,345
35200149,374,250,85,335
35200150,1363,920,125,1045
35200161,588,400,115,515
35200162,704,520,115,635
35200163,678,430,155,585
35200164,230,135,70,205
35200165,467,325,90,415
35200166,844,535,195,730
35200167,1259,810,290,1100
35200173,365,240,90,330
35200174,583,370,145,515
35200175,628,365,200,565
35200176,400,250,100,350
35200177,337,220,95,315
35200178,540,330,140,470
35200179,619,65,550,615
35200180,555,380,100,480
35200181,338,225,70,295
35200182,375,260,75,335
35200183,440,255,125,380
35200186,573,410,105,515
35200187,453,325,95,420
35200188,795,580,105,685
35200189,460,290,125,415
35200190,368,220,120,340
35200193,400,240,115,355
35200196,542,335,155,490
35200197,397,255,85,340
35200198,428,290,80,370
35200199,700,420,180,600
35200200,482,330,110,440
35200201,567,375,120,495
35200202,550,345,135,480
35200203,1348,975,175,1150
35200204,649,455,105,560
35200205,495,325,110,435
35200206,458,290,110,400
35200207,249,140,60,200
35200208,470,300,120,420
35200209,371,250,75,325
35200210,513,355,90,445
35200211,439,290,80,370
35200212,397,255,85,340
35200213,551,335,175,510
35200214,614,385,160,545
35200215,403,255,105,360
35200216,627,435,135,570
35200217,440,295,85,380
35200218,603,420,100,520
35200219,459,300,90,390
35200220,455,295,105,400
35200221,5506,4345,505,4850
35200222,858,520,225,745
35200223,378,250,80,330
35200224,798,540,175,715
35200232,646,430,145,575
35200233,382,260,70,330
35200234,442,295,95,390
35200235,422,255,95,350
35200236,399,255,85,340
35200237,394,255,95,350
35200238,324,240,55,295
35200239,261,180,45,225
35200242,436,290,90,380
35200243,417,250,135,385
35200244,387,250,85,335
35200245,704,485,130,615
35200246,406,280,100,380
35200249,514,305,160,465
35200250,406,255,110,365
35200251,281,185,65,250
35200252,550,325,160,485
35200253,695,475,90,565
35200254,776,515,150,665
35200255,503,325,110,435
35200256,608,355,190,545
35200260,457,295,135,430
35200261,501,325,125,450
35200262,482,315,115,430
35200263,311,185,85,270
35200264,489,310,110,420
35200265,440,265,120,385
35200266,587,350,170,520
35200267,1146,745,270,1015
35200268,578,375,130,505
35200269,723,455,150,605
35200271,2077,1575,155,1730
35200272,2410,1755,155,1910
35200273,3230,2595,195,2790
35200275,431,255,110,365
35200278,391,235,100,335
35200279,579,365,125,490
35200280,807,610,85,695
35200281,502,360,55,415
35200284,886,620,105,725
35200288,398,250,95,345
35200289,613,375,140,515
35200290,516,325,135,460
35200291,584,345,155,500
35200292,500,340,75,415
35200293,2032,1175,640,1815
35200294,452,260,135,395
35200297,393,240,90,330
35200298,1045,700,190,890
35200300,1222,895,125,1020
35200301,412,275,95,370
35200302,855,535,200,735
35200303,213,145,50,195
35200304,679,445,160,605
35200305,615,440,105,545
35200306,568,390,110,500
35200307,257,145,75,220
35200308,553,340,160,500
35200309,1454,1145,180,1325
35200310,585,440,75,515
35200313,0,NA,NA,NA
35200315,939,350,540,890
35200316,1533,955,370,1325
35200317,484,290,110,400
35200318,403,265,85,350
35200319,473,320,100,420
35200320,867,595,145,740
35200321,642,425,160,585
35200322,346,240,70,310
35200323,1100,710,150,860
35200324,906,600,185,785
35200325,331,210,60,270
35200326,620,400,140,540
35200327,303,210,55,265
35200328,342,205,110,315
35200329,405,245,105,350
35200330,458,280,145,425
35200331,427,300,85,385
35200332,440,260,135,395
35200333,475,315,105,420
35200334,479,310,110,420
35200335,495,355,75,430
35200336,493,330,90,420
35200337,457,290,95,385
35200338,459,320,75,395
35200339,679,450,50,500
35200352,1281,950,240,1190
35200355,542,365,80,445
35200357,537,355,95,450
35200358,525,365,95,460
35200359,456,290,90,380
35200360,456,285,100,385
35200361,401,245,75,320
35200362,573,370,105,475
35200363,483,320,95,415
35200364,1498,1130,185,1315
35200366,673,480,75,555
35200368,339,235,60,295
35200370,446,275,110,385
35200371,501,315,125,440
35200372,365,255,75,330
35200373,300,200,65,265
35200374,601,310,220,530
35200375,304,200,65,265
35200376,477,300,120,420
35200377,486,295,115,410
35200378,276,170,75,245
35200379,491,305,120,425
35200380,570,370,115,485
35200381,1032,690,190,880
35200382,879,605,140,745
35200383,571,380,105,485
35200384,508,290,160,450
35200385,318,190,90,280
35200386,726,460,175,635
35200387,451,275,105,380
35200388,725,495,120,615
35200389,854,565,165,730
35200391,452,300,90,390
35200392,333,190,105,295
35200393,804,470,250,720
35200394,577,360,125,485
35200395,482,310,110,420
35200396,455,290,115,405
35200397,881,560,205,765
35200400,305,190,70,260
35200401,421,255,105,360
35200402,457,315,80,395
35200404,470,290,135,425
35200405,488,350,50,400
35200406,375,245,70,315
35200407,396,245,100,345
35200408,479,325,115,440
35200409,333,215,80,295
35200410,1017,755,110,865
35200411,778,555,115,670
35200412,1655,1195,155,1350
35200413,791,580,90,670
35200414,1246,910,65,975
35200415,311,195,65,260
35200416,446,265,110,375
35200417,1051,700,185,885
35200418,1052,730,125,855
35200420,795,540,160,700
35200421,344,230,85,315
35200422,576,420,95,515
35200423,574,330,190,520
35200426,498,335,80,415
35200427,483,335,100,435
35200428,515,360,65,425
35200429,543,375,65,440
35200430,594,395,95,490
35200431,606,410,120,530
35200432,399,275,65,340
35200433,439,290,90,380
35200434,425,300,50,350
35200435,448,330,50,380
35200436,657,410,155,565
35200437,438,275,95,370
35200438,570,395,105,500
35200439,384,250,80,330
35200440,437,280,100,380
35200442,516,360,60,420
35200443,483,355,75,430
35200444,561,240,285,525
35200445,353,250,75,325
35200449,477,295,80,375
35200450,449,260,95,355
35200451,321,215,55,270
35200452,606,365,155,520
35200453,662,405,175,580
35200454,698,490,125,615
35200455,414,255,100,355
35200456,861,620,135,755
35200459,332,210,70,280
35200460,503,360,40,400
35200463,539,285,190,475
35200464,666,430,125,555
35200465,628,415,145,560
35200466,542,370,95,465
35200467,577,370,140,510
35200468,597,415,95,510
35200469,490,365,60,425
35200470,579,400,65,465
35200471,1430,1050,135,1185
35200472,659,450,115,565
35200475,546,380,90,470
35200478,526,360,80,440
35200479,543,360,95,455
35200480,405,285,65,350
35200481,446,295,80,375
35200482,447,320,65,385
35200483,433,315,60,375
35200484,739,525,105,630
35200488,397,275,65,340
35200489,416,290,70,360
35200490,376,260,65,325
35200491,477,325,70,395
35200492,272,195,45,240
35200493,324,235,35,270
35200494,433,280,90,370
35200495,499,355,75,430
35200497,923,620,85,705
35200498,488,320,95,415
35200499,950,645,140,785
35200505,421,310,40,350
35200506,409,305,35,340
35200510,461,315,65,380
35200511,462,330,60,390
35200512,427,275,65,340
35200513,405,290,55,345
35200514,464,310,70,380
35200515,457,310,80,390
35200516,447,295,75,370
35200517,545,390,60,450
35200518,456,310,85,395
35200519,425,285,55,340
35200520,523,345,75,420
35200521,623,405,90,495
35200522,563,360,100,460
35200523,564,385,80,465
35200524,498,285,140,425
35200525,440,235,120,355
35200529,914,490,345,835
35200531,685,460,130,590
35200532,464,315,70,385
35200533,265,180,50,230
35200534,550,350,95,445
35200535,444,315,65,380
35200536,1011,710,165,875
35200538,2203,1440,435,1875
35200539,1009,715,130,845
35200540,493,355,55,410
35200541,1151,795,170,965
35200542,464,305,85,390
35200545,225,0,225,225
35200561,796,525,145,670
35200562,534,360,90,450
35200563,493,330,70,400
35200564,546,370,90,460
35200565,537,355,85,440
35200566,536,345,100,445
35200567,559,390,95,485
35200568,531,350,75,425
35200569,612,430,80,510
35200570,471,300,75,375
35200571,564,380,95,475
35200572,594,390,70,460
35200573,537,350,70,420
35200574,454,295,85,380
35200575,542,350,105,455
35200576,674,440,105,545
35200577,551,365,80,445
35200578,368,225,70,295
35200579,660,455,95,550
35200580,499,330,55,385
35200581,357,245,50,295
35200582,763,505,120,625
35200583,774,540,100,640
35200584,495,325,65,390
35200585,442,295,60,355
35200586,577,380,60,440
35200587,714,505,80,585
35200588,747,495,130,625
35200589,644,460,75,535
35200590,529,380,40,420
35200591,585,385,60,445
35200593,727,515,90,605
35200594,537,350,75,425
35200595,452,295,65,360
35200596,920,690,105,795
35200597,384,275,55,330
35200598,421,315,45,360
35200599,547,355,115,470
35200600,446,290,60,350
35200601,448,310,50,360
35200602,451,310,70,380
35200603,710,475,105,580
35200604,570,410,55,465
35200605,619,435,75,510
35200606,445,295,80,375
35200610,311,210,35,245
35200611,530,360,60,420
35200612,683,455,85,540
35200639,1851,1335,165,1500
35200640,579,420,75,495
35200641,1005,635,185,820
35200642,455,365,50,415
35200643,528,385,70,455
35200644,454,310,55,365
35200645,487,300,115,415
35200646,441,295,65,360
35200647,486,305,100,405
35200648,744,475,200,675
35200649,529,355,80,435
35200650,743,475,100,575
35200651,734,505,65,570
35200652,612,415,75,490
35200653,452,300,40,340
35200654,1942,1385,110,1495
35200655,520,335,85,420
35200656,450,230,160,390
35200657,760,500,140,640
35200658,677,425,140,565
35200659,511,305,115,420
35200660,726,490,105,595
35200661,871,585,205,790
35200662,689,450,155,605
35200663,302,220,30,250
35200664,721,435,130,565
35200665,863,565,130,695
35200666,743,510,70,580
35200667,469,315,65,380
35200668,329,245,30,275
35200669,399,245,95,340
35200670,487,335,55,390
35200671,451,300,55,355
35200672,301,225,35,260
35200673,589,440,60,500
35200674,1001,720,135,855
35200675,564,405,70,475
35200676,691,455,70,525
35200677,499,350,45,395
35200678,708,495,80,575
35200679,532,340,65,405
35200680,789,545,90,635
35200681,548,370,55,425
35200682,438,280,45,325
35200683,752,510,110,620
35200686,1010,720,100,820
35200687,449,335,55,390
35200688,457,315,50,365
35200689,347,230,45,275
35200690,344,260,40,300
35200691,279,190,45,235
35200692,330,235,45,280
35200693,436,310,55,365
35200694,582,410,60,470
35200695,551,390,70,460
35200696,315,230,40,270
35200697,453,290,90,380
35200698,335,240,45,285
35200699,400,285,55,340
35200700,270,185,40,225
35200701,470,345,55,400
35200702,505,375,55,430
35200703,594,435,90,525
35200704,499,255,200,455
35200705,1007,705,85,790
35200706,434,310,55,365
35200707,363,255,40,295
35200708,477,325,55,380
35200709,527,315,105,420
35200710,495,335,90,425
35200711,505,315,85,400
35200712,711,515,90,605
35200713,418,295,65,360
35200714,397,280,45,325
35200715,395,270,55,325
35200716,323,230,35,265
35200717,435,320,60,380
35200718,1352,970,140,1110
35200719,922,655,100,755
35200720,530,385,85,470
35200724,706,450,115,565
35200725,658,420,110,530
35200726,412,270,80,350
35200727,512,315,100,415
35200728,980,520,325,845
35200729,347,210,65,275
35200730,346,205,80,285
35200731,436,305,60,365
35200732,634,445,80,525
35200733,506,345,65,410
35200734,365,225,60,285
35200735,450,285,65,350
35200736,388,285,40,325
35200737,392,245,70,315
35200738,436,280,65,345
35200739,568,440,70,510
35200740,499,320,80,400
35200741,640,375,195,570
35200744,1179,705,345,1050
35200745,309,210,75,285
35200746,930,605,160,765
35200747,526,325,105,430
35200748,549,365,90,455
35200749,455,285,100,385
35200750,461,315,85,400
35200751,537,335,95,430
35200752,364,205,100,305
35200753,589,360,165,525
35200754,626,385,180,565
35200755,430,230,175,405
35200756,832,705,80,785
35200757,1498,1350,75,1425
35200768,463,410,40,450
35200769,437,375,35,410
35200770,454,390,45,435
35200771,913,505,360,865
35200772,852,640,130,770
35200774,304,245,45,290
35200783,478,410,50,460
35200791,446,150,275,425
35200792,724,480,140,620
35200794,527,370,100,470
35200795,441,285,100,385
35200796,495,320,125,445
35200797,451,330,65,395
35200798,468,290,125,415
35200801,1748,1310,240,1550
35200802,422,295,25,320
35200803,711,575,45,620
35200804,657,480,30,510
35200805,3894,3020,350,3370
35200806,505,370,70,440
35200807,186,135,30,165
35200808,423,330,60,390
35200809,272,215,30,245
35200810,785,660,20,680
35200811,861,620,85,705
35200812,496,370,95,465
35200813,341,270,50,320
35200814,1119,930,85,1015
35200815,532,415,55,470
35200821,604,495,60,555
35200822,877,530,310,840
35200826,1084,820,150,970
35200827,423,240,145,385
35200828,513,385,80,465
35200829,0,NA,NA,NA
35200831,560,370,140,510
35200832,3655,3200,210,3410
35200833,797,530,205,735
35200855,2382,2020,225,2245
35200859,548,440,65,505
35200860,787,490,245,735
35200861,518,450,35,485
35200862,401,305,65,370
35200863,380,295,55,350
35200864,374,285,60,345
35200865,556,385,100,485
35200866,798,675,50,725
35200867,752,360,320,680
35200868,682,565,55,620
35200869,570,400,100,500
35200870,2262,2005,140,2145
35200876,413,300,50,350
35200877,366,265,50,315
35200878,649,590,40,630
35200879,420,325,55,380
35200880,505,365,90,455
35200881,371,275,60,335
35200882,336,255,45,300
35200883,363,265,55,320
35200884,483,350,70,420
35200885,510,370,85,455
35200886,705,530,110,640
35200887,581,475,55,530
35200888,706,585,70,655
35200889,511,410,65,475
35200890,481,390,55,445
35200891,441,350,60,410
35200892,548,440,60,500
35200893,271,210,50,260
35200894,805,515,255,770
35200895,450,400,40,440
35200896,531,455,60,515
35200897,611,520,70,590
35200898,564,345,180,525
35200899,372,300,40,340
35200900,432,250,125,375
35200901,906,680,150,830
35200902,642,580,40,620
35200903,294,195,80,275
35200905,723,570,110,680
35200906,1166,615,500,1115
35200907,441,310,85,395
35200908,498,360,100,460
35200909,547,410,90,500
35200910,561,465,65,530
35200911,351,275,45,320
35200912,375,275,50,325
35200913,586,460,85,545
35200914,529,410,65,475
35200915,738,440,250,690
35200916,533,410,90,500
35200917,300,220,50,270
35200918,230,165,35,200
35200919,359,295,45,340
35200920,642,465,85,550
35200921,479,340,80,420
35200922,476,375,60,435
35200923,313,255,35,290
35200924,328,260,45,305
35200925,342,270,30,300
35200926,347,265,45,310
35200927,434,330,50,380
35200928,317,245,45,290
35200929,355,260,60,320
35200930,411,300,60,360
35200931,465,365,70,435
35200932,258,205,35,240
35200933,349,265,55,320
35200934,533,385,80,465
35200935,351,235,75,310
35200936,296,215,50,265
35200937,391,260,65,325
35200938,297,215,50,265
35200939,340,235,55,290
35200940,281,215,40,255
35200941,331,250,50,300
35200942,564,380,125,505
35200943,242,180,35,215
35200944,452,310,90,400
35200945,463,340,65,405
35200946,421,310,55,365
35200949,488,370,80,450
35200950,445,345,55,400
35200951,588,430,100,530
35200952,1556,1235,155,1390
35200953,288,210,25,235
35200954,338,260,45,305
35200955,1278,830,305,1135
35200956,415,285,70,355
35200957,1254,935,80,1015
35200958,748,545,65,610
35200959,725,510,90,600
35200960,393,300,35,335
35200961,426,315,50,365
35200962,464,340,65,405
35200963,373,270,50,320
35200965,345,250,60,310
35200966,339,245,55,300
35200967,684,540,75,615
35200968,1666,1390,135,1525
35200969,412,295,55,350
35200974,735,515,115,630
35200975,372,255,80,335
35200976,902,675,125,800
35200977,539,165,345,510
35200979,520,300,110,410
35200981,450,320,80,400
35200983,317,230,60,290
35200985,399,290,60,350
35200986,467,350,55,405
35200987,536,385,80,465
35200988,583,435,75,510
35200989,607,440,80,520
35200990,539,385,90,475
35200991,418,300,55,355
35200992,357,250,65,315
35200993,256,190,45,235
35200994,412,325,55,380
35200995,301,210,45,255
35200996,278,195,50,245
35200997,676,510,75,585
35200998,368,260,75,335
35200999,566,405,95,500
35201000,664,485,100,585
35201001,542,385,85,470
35201002,567,415,75,490
35201003,501,385,65,450
35201004,345,235,50,285
35201005,535,390,90,480
35201006,561,325,190,515
35201007,366,285,55,340
35201008,405,280,75,355
35201009,397,285,75,360
35201010,643,480,90,570
35201011,318,210,70,280
35201012,363,280,60,340
35201013,330,235,60,295
35201014,559,375,105,480
35201015,663,505,105,610
35201016,526,430,60,490
35201017,380,320,45,365
35201018,400,305,65,370
35201019,411,315,60,375
35201020,470,355,75,430
35201023,677,510,100,610
35201024,592,400,115,515
35201025,540,415,80,495
35201026,478,395,55,450
35201027,617,470,90,560
35201028,468,360,75,435
35201029,894,730,105,835
35201030,500,375,80,455
35201031,743,575,105,680
35201032,413,345,45,390
35201033,568,380,160,540
35201034,175,130,40,170
35201035,644,365,250,615
35201036,585,450,110,560
35201038,643,425,200,625
35201039,1535,930,525,1455
35201040,497,330,125,455
35201041,983,465,470,935
35201044,533,395,95,490
35201045,392,325,45,370
35201046,475,390,60,450
35201047,554,455,50,505
35201048,531,405,75,480
35201049,673,505,90,595
35201050,281,200,40,240
35201051,614,515,60,575
35201052,505,360,120,480
35201053,432,355,40,395
35201054,585,475,65,540
35201055,723,505,190,695
35201056,488,410,50,460
35201057,648,480,110,590
35201058,485,415,60,475
35201059,501,370,85,455
35201060,408,300,60,360
35201061,511,405,60,465
35201062,327,225,50,275
35201063,783,580,100,680
35201064,638,475,75,550
35201065,579,385,100,485
35201066,515,350,90,440
35201067,442,305,70,375
35201068,733,525,135,660
35201069,416,300,55,355
35201070,352,265,50,315
35201071,467,260,160,420
35201072,584,430,90,520
35201073,633,445,105,550
35201076,579,375,115,490
35201077,439,270,90,360
35201078,894,585,155,740
35201079,518,330,100,430
35201080,818,655,90,745
35201081,349,225,80,305
35201104,424,210,170,380
35201105,411,295,55,350
35201106,493,355,65,420
35201107,785,610,105,715
35201109,570,390,115,505
35201110,774,495,170,665
35201111,686,480,105,585
35201112,433,295,70,365
35201113,422,330,50,380
35201114,509,395,55,450
35201122,288,175,65,240
35201123,327,240,45,285
35201124,415,310,60,370
35201125,400,275,60,335
35201126,324,215,70,285
35201127,550,395,75,470
35201128,456,325,75,400
35201129,580,390,95,485
35201130,391,265,70,335
35201131,707,490,120,610
35201132,690,485,115,600
35201133,488,330,85,415
35201134,487,355,80,435
35201139,383,290,60,350
35201140,435,325,70,395
35201141,529,365,80,445
35201142,459,330,60,390
35201143,553,370,80,450
35201144,316,225,50,275
35201145,627,430,120,550
35201146,359,240,60,300
35201147,379,270,45,315
35201148,413,285,65,350
35201149,284,210,40,250
35201150,297,215,45,260
35201151,295,210,45,255
35201152,336,255,40,295
35201153,471,315,95,410
35201154,510,355,80,435
35201155,398,265,80,345
35201156,453,310,75,385
35201157,343,215,65,280
35201158,818,585,120,705
35201159,732,510,105,615
35201160,342,220,55,275
35201161,237,155,65,220
35201162,529,350,100,450
35201163,223,170,25,195
35201164,383,270,65,335
35201165,562,405,65,470
35201166,1076,795,115,910
35201167,181,140,25,165
35201168,465,340,55,395
35201169,445,315,65,380
35201170,616,450,65,515
35201171,332,235,45,280
35201172,503,365,80,445
35201173,367,260,40,300
35201174,424,280,75,355
35201175,527,385,55,440
35201176,454,315,55,370
35201177,430,305,55,360
35201178,492,345,70,415
35201179,417,315,55,370
35201180,475,325,85,410
35201181,434,305,65,370
35201182,716,465,130,595
35201185,522,365,80,445
35201186,587,415,90,505
35201187,318,215,60,275
35201188,646,455,85,540
35201191,329,220,60,280
35201192,430,300,55,355
35201193,483,340,65,405
35201194,391,260,65,325
35201195,373,260,55,315
35201196,1001,705,150,855
35201197,312,230,45,275
35201198,925,680,135,815
35201199,561,385,85,470
35201200,592,420,90,510
35201201,448,300,90,390
35201202,454,305,90,395
35201203,787,540,105,645
35201204,437,315,60,375
35201205,664,465,110,575
35201206,643,460,90,550
35201209,316,225,55,280
35201210,273,195,50,245
35201211,413,275,70,345
35201212,493,320,115,435
35201213,413,290,65,355
35201214,259,175,50,225
35201215,682,470,75,545
35201216,548,400,75,475
35201217,603,440,50,490
35201219,947,675,155,830
35201228,367,265,50,315
35201240,308,205,60,265
35201241,617,415,115,530
35201242,663,290,310,600
35201243,424,275,95,370
35201244,275,165,75,240
35201249,531,375,85,460
35201250,813,585,105,690
35201251,939,675,130,805
35201252,348,245,55,300
35201253,521,390,70,460
35201254,479,340,70,410
35201255,369,265,60,325
35201256,331,225,70,295
35201257,310,220,45,265
35201259,450,305,75,380
35201263,363,250,60,310
35201264,762,515,125,640
35201267,460,320,85,405
35201278,514,315,75,390
35201279,497,340,60,400
35201280,439,330,40,370
35201281,449,290,55,345
35201282,584,405,75,480
35201283,390,280,45,325
35201284,393,275,65,340
35201285,387,265,55,320
35201286,262,190,30,220
35201287,399,295,55,350
35201288,526,360,85,445
35201289,313,220,50,270
35201290,395,255,60,315
35201291,669,465,90,555
35201292,543,355,90,445
35201293,499,345,60,405
35201294,501,320,90,410
35201295,570,360,105,465
35201297,899,660,135,795
35201298,971,470,415,885
35201312,1085,775,175,950
35201313,429,305,65,370
35201314,501,345,75,420
35201315,546,370,75,445
35201316,551,410,55,465
35201317,418,295,70,365
35201318,513,365,65,430
35201319,528,400,80,480
35201320,751,545,70,615
35201321,509,350,80,430
35201322,552,390,80,470
35201323,428,295,50,345
35201324,391,255,50,305
35201325,410,290,50,340
35201326,641,505,50,555
35201327,494,395,55,450
35201328,303,240,25,265
35201329,360,310,35,345
35201331,436,355,35,390
35201332,759,545,170,715
35201333,381,310,45,355
35201334,908,660,140,800
35201337,547,385,100,485
35201338,407,330,40,370
35201339,310,255,40,295
35201347,532,365,70,435
35201348,533,385,45,430
35201349,498,345,50,395
35201350,686,470,80,550
35201351,433,310,50,360
35201352,382,275,45,320
35201353,414,310,30,340
35201354,406,300,45,345
35201355,450,325,45,370
35201356,367,260,50,310
35201357,1067,830,125,955
35201358,642,495,55,550
35201359,444,310,70,380
35201360,604,445,70,515
35201361,710,540,75,615
35201362,1733,1405,160,1565
35201363,372,260,45,305
35201364,470,340,70,410
35201365,768,565,90,655
35201368,322,220,50,270
35201369,614,400,95,495
35201370,367,270,35,305
35201371,390,295,50,345
35201372,472,340,50,390
35201373,370,250,40,290
35201374,706,475,105,580
35201375,615,435,95,530
35201376,688,525,80,605
35201377,360,285,30,315
35201378,521,415,40,455
35201379,594,435,70,505
35201380,468,335,45,380
35201381,411,295,70,365
35201383,419,290,60,350
35201384,387,270,60,330
35201387,619,380,155,535
35201388,656,450,80,530
35201389,954,670,140,810
35201390,581,415,85,500
35201391,320,230,55,285
35201393,573,410,85,495
35201394,551,395,90,485
35201395,470,335,65,400
35201396,1442,905,365,1270
35201397,543,395,90,485
35201398,425,290,75,365
35201399,439,325,55,380
35201400,268,205,35,240
35201401,1723,1315,190,1505
35201402,624,470,75,545
35201403,282,210,30,240
35201404,397,210,135,345
35201405,331,185,105,290
35201406,555,395,60,455
35201407,1014,815,95,910
35201408,516,360,70,430
35201409,384,290,50,340
35201410,365,290,35,325
35201411,578,440,85,525
35201412,365,265,60,325
35201413,419,310,70,380
35201414,475,345,65,410
35201415,362,260,45,305
35201416,449,235,190,425
35201417,312,235,50,285
35201418,401,290,60,350
35201419,440,270,105,375
35201420,467,375,45,420
35201421,369,290,35,325
35201422,572,405,100,505
35201423,375,290,50,340
35201426,440,305,75,380
35201427,489,340,80,420
35201428,615,475,95,570
35201429,493,360,85,445
35201430,427,300,70,370
35201431,346,275,45,320
35201432,597,445,95,540
35201433,618,435,115,550
35201434,476,370,75,445
35201435,379,290,65,355
35201436,504,380,105,485
35201437,485,385,75,460
35201438,481,365,50,415
35201439,530,355,125,480
35201440,459,345,75,420
35201441,445,295,105,400
35201442,802,620,90,710
35201443,358,260,60,320
35201444,390,300,55,355
35201445,343,260,45,305
35201446,252,195,35,230
35201447,340,255,55,310
35201448,342,265,45,310
35201449,344,235,70,305
35201451,356,265,55,320
35201452,1243,1100,50,1150
35201459,372,300,50,350
35201460,878,515,330,845
35201461,119,10,105,115
35201463,1124,890,105,995
35201464,721,530,120,650
35201466,457,355,50,405
35201467,591,460,40,500
35201468,420,175,210,385
35201469,2249,1780,205,1985
35201471,777,515,165,680
35201477,438,280,65,345
35201478,443,275,70,345
35201479,423,235,115,350
35201480,428,275,60,335
35201481,381,275,45,320
35201482,527,335,100,435
35201483,500,325,90,415
35201485,511,330,100,430
35201486,425,295,60,355
35201487,769,495,105,600
35201488,651,415,100,515
35201489,459,285,90,375
35201490,463,305,50,355
35201491,557,390,70,460
35201492,529,340,65,405
35201493,727,480,95,575
35201494,706,465,110,575
35201495,890,565,175,740
35201496,1353,585,685,1270
35201497,551,355,110,465
35201498,394,260,65,325
35201499,530,345,90,435
35201500,554,335,120,455
35201501,696,415,165,580
35201502,640,420,85,505
35201503,563,365,100,465
35201504,404,220,130,350
35201505,532,315,105,420
35201506,647,435,125,560
35201507,852,505,225,730
35201508,734,445,130,575
35201509,548,360,75,435
35201510,540,305,105,410
35201511,609,400,115,515
35201512,639,390,140,530
35201513,612,375,110,485
35201514,720,470,140,610
35201515,611,390,125,515
35201516,670,425,120,545
35201517,580,375,115,490
35201518,496,340,90,430
35201519,1139,780,220,1000
35201520,690,510,80,590
35201521,613,440,85,525
35201522,578,320,210,530
35201523,405,260,85,345
35201524,534,365,80,445
35201525,483,315,85,400
35201526,1648,1185,210,1395
35201532,673,495,70,565
35201541,642,415,100,515
35201542,558,375,90,465
35201543,543,360,75,435
35201544,484,325,65,390
35201545,583,415,95,510
35201547,674,460,90,550
35201548,440,290,60,350
35201552,514,335,70,405
35201553,566,380,90,470
35201554,555,385,90,475
35201555,638,440,100,540
35201556,631,410,150,560
35201557,468,345,95,440
35201558,607,400,105,505
35201559,630,370,185,555
35201560,455,315,45,360
35201563,415,295,45,340
35201564,433,320,65,385
35201565,501,340,85,425
35201566,501,360,60,420
35201567,668,495,75,570
35201568,537,415,60,475
35201569,436,305,65,370
35201570,365,280,35,315
35201571,491,325,90,415
35201572,547,380,90,470
35201573,1170,835,160,995
35201574,493,360,70,430
35201575,663,490,90,580
35201576,1297,995,120,1115
35201577,465,310,85,395
35201578,390,255,70,325
35201579,999,665,200,865
35201580,345,235,70,305
35201581,737,540,110,650
35201582,380,265,85,350
35201583,689,470,110,580
35201584,481,300,100,400
35201585,469,300,85,385
35201586,384,270,65,335
35201587,456,315,70,385
35201588,609,415,95,510
35201589,658,435,120,555
35201590,625,405,130,535
35201591,575,370,110,480
35201592,458,320,75,395
35201593,388,270,70,340
35201594,417,270,90,360
35201595,820,555,110,665
35201596,721,470,125,595
35201597,641,425,125,550
35201598,396,260,90,350
35201599,527,340,100,440
35201600,624,355,200,555
35201601,909,630,115,745
35201602,395,260,75,335
35201603,478,295,80,375
35201604,486,305,60,365
35201605,390,240,85,325
35201607,826,575,155,730
35201608,442,270,100,370
35201609,348,210,80,290
35201610,1356,785,405,1190
35201611,487,305,85,390
35201612,363,230,85,315
35201613,374,240,90,330
35201614,626,420,110,530
35201615,460,305,90,395
35201616,562,340,105,445
35201617,1033,480,495,975
35201620,773,500,175,675
35201621,319,200,90,290
35201622,471,285,105,390
35201623,1328,850,320,1170
35201624,448,290,80,370
35201625,509,295,165,460
35201626,312,160,120,280
35201627,368,235,65,300
35201629,301,195,70,265
35201630,431,285,95,380
35201631,666,430,135,565
35201632,327,210,85,295
35201634,369,230,90,320
35201635,428,290,95,385
35201636,400,240,85,325
35201641,1740,1335,115,1450
35201647,582,370,115,485
35201648,541,355,85,440
35201649,544,345,110,455
35201650,377,235,60,295
35201652,564,385,80,465
35201653,436,290,85,375
35201654,477,310,95,405
35201656,416,280,75,355
35201657,454,290,105,395
35201658,481,330,80,410
35201659,516,335,115,450
35201660,454,295,100,395
35201661,686,450,145,595
35201662,521,320,105,425
35201663,3922,3015,515,3530
35201664,1992,1510,195,1705
35201665,1198,795,180,975
35201666,514,310,115,425
35201667,1651,1340,170,1510
35201670,440,320,65,385
35201672,553,415,65,480
35201673,411,280,85,365
35201674,760,595,60,655
35201675,748,540,115,655
35201676,826,515,150,665
35201690,674,415,110,525
35201691,556,360,130,490
35201692,917,590,175,765
35201693,1053,675,190,865
35201694,664,455,125,580
35201695,367,255,80,335
35201696,1609,925,545,1470
35201697,480,310,95,405
35201698,599,435,85,520
35201699,495,310,110,420
35201700,708,455,160,615
35201701,553,345,140,485
35201702,505,330,100,430
35201703,589,390,95,485
35201704,479,285,120,405
35201705,471,290,100,390
35201706,644,410,105,515
35201707,495,295,100,395
35201708,578,360,120,480
35201709,308,180,75,255
35201710,447,285,85,370
35201711,473,310,95,405
35201712,367,225,80,305
35201713,422,245,120,365
35201714,1305,915,160,1075
35201717,567,165,370,535
35201718,495,305,105,410
35201719,502,300,140,440
35201720,610,395,120,515
35201721,456,295,70,365
35201722,1044,720,135,855
35201723,438,310,55,365
35201724,395,235,100,335
35201725,903,595,190,785
35201726,451,285,115,400
35201728,1209,720,310,1030
35201730,454,280,110,390
35201731,443,310,70,380
35201732,725,490,115,605
35201734,506,315,120,435
35201735,439,310,30,340
35201736,821,535,75,610
35201737,638,415,120,535
35201738,480,285,125,410
35201739,469,300,90,390
35201740,557,370,90,460
35201741,450,305,55,360
35201744,1810,1045,570,1615
35201748,1364,920,280,1200
35201749,415,250,110,360
35201750,474,285,115,400
35201751,292,200,55,255
35201752,271,175,50,225
35201753,253,165,65,230
35201754,282,180,70,250
35201755,507,315,100,415
35201756,665,440,140,580
35201757,371,235,95,330
35201758,544,370,90,460
35201759,815,575,115,690
35201760,430,275,95,370
35201761,510,325,110,435
35201762,838,510,200,710
35201779,2647,1690,270,1960
35201781,438,270,105,375
35201782,221,140,60,200
35201783,376,250,80,330
35201784,782,545,95,640
35201785,580,400,75,475
35201786,456,295,95,390
35201787,498,340,95,435
35201788,441,285,85,370
35201789,1022,695,110,805
35201790,344,225,90,315
35201791,749,510,95,605
35201792,419,250,120,370
35201793,313,185,100,285
35201802,418,265,95,360
35201803,375,245,60,305
35201804,441,270,105,375
35201805,651,400,155,555
35201806,521,315,140,455
35201807,668,410,160,570
35201816,472,300,100,400
35201817,474,300,105,405
35201818,515,360,85,445
35201819,380,255,75,330
35201820,542,400,75,475
35201822,907,625,125,750
35201823,434,310,70,380
35201824,441,280,105,385
35201825,630,405,125,530
35201826,458,310,70,380
35201827,412,280,85,365
35201828,439,275,80,355
35201829,472,330,75,405
35201830,428,310,80,390
35201831,330,225,60,285
35201832,261,185,55,240
35201833,422,305,60,365
35201834,453,315,80,395
35201835,1217,825,140,965
35201838,582,395,95,490
35201839,456,320,65,385
35201840,572,380,100,480
35201841,472,300,130,430
35201842,608,420,120,540
35201843,471,345,65,410
35201844,531,350,95,445
35201845,435,300,70,370
35201846,614,405,130,535
35201847,436,280,80,360
35201848,386,265,75,340
35201849,699,490,70,560
35201850,436,290,90,380
35201851,1280,930,170,1100
35201852,340,230,70,300
35201853,686,455,25,480
35201854,1750,1180,105,1285
35201855,399,295,60,355
35201856,1216,805,315,1120
35201857,966,630,140,770
35201858,464,325,80,405
35201859,491,340,70,410
35201860,648,460,95,555
35201861,421,275,90,365
35201862,619,445,95,540
35201863,847,515,220,735
35201864,591,425,90,515
35201868,880,590,135,725
35201869,457,280,120,400
35201872,603,385,140,525
35201874,1091,690,165,855
35201875,1189,805,185,990
35201876,1805,1285,190,1475
35201877,266,180,60,240
35201879,357,240,75,315
35201880,538,315,145,460
35201881,561,360,125,485
35201882,469,295,120,415
35201883,760,525,105,630
35201884,442,295,95,390
35201885,482,325,85,410
35201886,613,425,105,530
35201887,420,285,85,370
35201888,888,570,105,675
35201889,636,450,105,555
35201890,844,570,160,730
35201892,1036,720,80,800
35201893,455,315,75,390
35201894,623,425,125,550
35201895,434,300,85,385
35201896,407,265,90,355
35201900,400,275,60,335
35201901,426,275,80,355
35201902,525,350,75,425
35201903,1447,975,160,1135
35201904,617,430,105,535
35201905,402,280,70,350
35201906,374,255,65,320
35201907,496,345,90,435
35201908,497,330,105,435
35201909,370,225,100,325
35201912,500,310,35,345
35201913,428,265,95,360
35201914,263,165,75,240
35201915,373,235,90,325
35201919,450,320,60,380
35201920,1341,955,205,1160
35201935,472,335,60,395
35201936,482,330,70,400
35201937,465,295,115,410
35201938,826,550,175,725
35201939,497,330,85,415
35201940,505,370,80,450
35201950,487,290,150,440
35201951,608,355,160,515
35201952,459,245,145,390
35201953,522,345,115,460
35201955,499,230,220,450
35201958,589,425,85,510
35201959,711,490,130,620
35201960,1081,765,115,880
35201961,840,530,200,730
35201962,534,360,110,470
35201963,449,285,100,385
35201964,477,305,80,385
35201965,606,385,140,525
35201966,592,360,165,525
35201967,259,150,75,225
35201968,392,270,70,340
35201969,322,210,75,285
35201970,482,330,80,410
35201971,429,310,65,375
35201972,1341,910,225,1135
35201973,801,555,115,670
35201976,654,420,155,575
35201977,1373,940,165,1105
35201979,548,330,155,485
35201983,335,215,75,290
35201984,614,435,70,505
35201985,263,165,60,225
35201986,393,275,70,345
35201987,810,515,190,705
35201988,280,190,50,240
35201989,544,375,65,440
35201992,401,290,60,350
35201993,910,675,105,780
35201996,489,305,130,435
35201997,477,285,145,430
35201998,525,330,130,460
35201999,878,580,170,750
35202000,612,420,130,550
35202001,1437,1020,270,1290
35202002,681,445,125,570
35202003,1108,805,105,910
35202004,804,545,150,695
35202005,457,310,95,405
35202006,331,200,90,290
35202007,580,380,120,500
35202013,2078,1860,110,1970
35202016,1064,730,40,770
35202017,3410,2730,175,2905
35202018,1305,830,115,945
35202019,460,345,60,405
35202020,410,290,50,340
35202021,768,515,85,600
35202022,432,275,85,360
35202023,1428,1045,215,1260
35202024,881,585,170,755
35202025,628,420,145,565
35202026,492,345,65,410
35202027,398,255,80,335
35202028,273,155,70,225
35202029,780,495,210,705
35202030,1057,770,85,855
35202031,877,590,135,725
35202035,697,455,90,545
35202036,583,395,45,440
35202037,405,265,80,345
35202040,574,405,75,480
35202042,1163,805,75,880
35202045,450,310,40,350
35202046,1410,970,130,1100
35202047,468,335,75,410
35202048,359,215,90,305
35202049,474,320,90,410
35202050,1128,770,140,910
35202051,779,550,65,615
35202055,863,590,80,670
35202056,1088,685,235,920
35202057,1159,770,215,985
35202058,961,525,345,870
35202059,762,475,215,690
35202065,2029,1390,230,1620
35202066,845,600,155,755
35202067,264,165,50,215
35202071,1111,745,220,965
35202072,404,250,95,345
35202075,564,360,135,495
35202079,308,210,60,270
35202080,544,355,115,470
35202084,402,260,75,335
35202085,1100,770,110,880
35202086,1267,890,140,1030
35202087,783,505,230,735
35202088,783,525,145,670
35202089,584,390,95,485
35202090,388,290,45,335
35202091,524,350,95,445
35202096,1032,665,95,760
35202097,447,315,30,345
35202098,2043,1610,290,1900
35202100,395,265,70,335
35202101,401,265,65,330
35202102,623,410,115,525
35202103,587,430,60,490
35202104,554,385,95,480
35202105,443,305,75,380
35202106,586,410,100,510
35202107,371,265,60,325
35202108,1316,930,250,1180
35202109,969,695,160,855
35202110,801,565,135,700
35202111,499,325,95,420
35202112,941,685,105,790
35202113,649,385,120,505
35202114,452,275,85,360
35202115,531,320,75,395
35202116,493,305,75,380
35202117,601,410,75,485
35202118,531,365,60,425
35202119,884,655,90,745
35202120,989,660,170,830
35202121,564,370,50,420
35202122,599,390,55,445
35202123,644,355,120,475
35202124,578,375,70,445
35202125,699,455,100,555
35202126,708,480,75,555
35202127,485,325,50,375
35202128,677,435,95,530
35202129,547,380,55,435
35202130,499,320,80,400
35202131,885,605,135,740
35202132,1678,1000,500,1500
35202133,743,460,95,555
35202134,778,420,80,500
35202135,672,440,90,530
35202136,528,335,75,410
35202137,1391,1050,90,1140
35202138,442,305,100,405
35202139,551,380,105,485
35202140,3413,2730,315,3045
35202141,416,260,110,370
35202145,764,565,90,655
35202147,714,405,240,645
35202149,610,355,100,455
35202150,467,300,80,380
35202151,514,290,90,380
35202152,3603,2935,280,3215
35202153,515,375,70,445
35202154,327,205,60,265
35202155,579,425,70,495
35202156,547,360,80,440
35202157,376,230,65,295
35202158,457,275,95,370
35202159,1744,1340,70,1410
35202160,475,295,120,415
35202161,833,560,160,720
35202162,716,505,100,605
35202163,634,440,105,545
35202164,830,620,105,725
35202165,945,670,130,800
35202166,452,295,105,400
35202167,470,305,115,420
35202168,407,305,35,340
35202169,523,390,70,460
35202170,445,275,95,370
35202171,366,265,40,305
35202172,863,560,170,730
35202173,818,520,140,660
35202174,311,195,70,265
35202175,353,220,85,305
35202176,401,245,90,335
35202177,629,385,155,540
35202178,983,710,160,870
35202179,586,410,95,505
35202180,995,685,140,825
35202181,695,490,120,610
35202183,534,335,125,460
35202184,873,595,150,745
35202185,175,115,35,150
35202186,455,285,105,390
35202187,500,325,125,450
35202188,313,190,85,275
35202189,428,310,55,365
35202210,324,110,185,295
35202211,298,200,65,265
35202212,571,415,100,515
35202213,560,370,115,485
35202214,421,285,85,370
35202215,528,380,75,455
35202216,456,335,70,405
35202217,405,290,65,355
35202218,466,335,75,410
35202222,729,525,105,630
35202223,604,415,100,515
35202224,341,240,60,300
35202225,437,315,55,370
35202226,427,295,75,370
35202227,485,295,145,440
35202228,561,360,85,445
35202229,439,285,65,350
35202230,340,255,35,290
35202231,398,260,80,340
35202232,519,365,65,430
35202233,464,315,80,395
35202234,628,425,95,520
35202235,485,350,70,420
35202236,442,330,60,390
35202237,887,695,110,805
35202238,437,325,65,390
35202239,514,355,95,450
35202240,525,375,90,465
35202241,875,470,330,800
35202242,446,165,245,410
35202243,572,400,100,500
35202244,523,365,90,455
35202245,676,510,90,600
35202246,397,285,50,335
35202247,464,320,75,395
35202248,443,320,60,380
35202249,340,250,20,270
35202251,482,325,60,385
35202252,338,245,55,300
35202254,435,270,85,355
35202255,453,290,60,350
35202256,480,300,75,375
35202257,564,295,170,465
35202258,530,355,70,425
35202261,494,315,100,415
35202262,725,490,120,610
35202263,625,355,200,555
35202264,686,450,140,590
35202265,840,650,95,745
35202266,613,280,290,570
35202267,677,480,115,595
35202268,617,375,160,535
35202269,897,570,175,745
35202270,571,365,95,460
35202271,426,245,85,330
35202272,565,355,80,435
35202273,686,435,130,565
35202274,763,430,205,635
35202275,586,255,245,500
35202276,646,360,90,450
35202277,556,315,60,375
35202278,704,445,80,525
35202279,1310,880,205,1085
35202280,189,130,10,140
35202281,631,420,65,485
35202282,473,335,70,405
35202283,543,375,100,475
35202284,561,385,125,510
35202285,1400,590,725,1315
35202286,269,155,85,240
35202287,409,255,105,360
35202288,314,185,90,275
35202289,294,195,60,255
35202290,1366,975,175,1150
35202293,433,290,90,380
35202294,393,230,115,345
35202295,555,375,135,510
35202296,435,310,70,380
35202297,497,355,90,445
35202298,399,260,100,360
35202299,498,290,150,440
35202300,533,360,95,455
35202301,631,435,90,525
35202302,556,370,90,460
35202303,474,300,65,365
35202304,570,345,115,460
35202305,658,455,125,580
35202306,496,335,70,405
35202307,399,230,130,360
35202309,627,400,80,480
35202310,437,255,85,340
35202311,500,355,60,415
35202316,918,700,80,780
35202321,509,310,70,380
35202322,554,350,60,410
35202323,369,190,65,255
35202324,376,230,60,290
35202325,641,435,110,545
35202326,473,315,65,380
35202327,560,370,110,480
35202328,548,365,95,460
35202336,512,330,75,405
35202337,425,300,60,360
35202338,397,270,70,340
35202339,457,225,185,410
35202340,424,255,130,385
35202341,515,345,65,410
35202342,961,615,235,850
35202343,525,335,85,420
35202344,604,380,70,450
35202345,779,545,125,670
35202346,913,700,115,815
35202347,410,300,80,380
35202348,465,315,75,390
35202349,455,285,95,380
35202350,685,480,120,600
35202351,460,305,75,380
35202352,488,325,75,400
35202353,515,335,60,395
35202354,390,270,45,315
35202355,842,545,120,665
35202356,517,330,55,385
35202357,553,355,90,445
35202358,461,285,80,365
35202359,559,355,130,485
35202360,539,360,80,440
35202361,452,325,60,385
35202362,294,205,50,255
35202363,1074,405,590,995
35202364,399,295,50,345
35202365,372,260,60,320
35202366,486,330,70,400
35202367,740,470,105,575
35202368,539,345,70,415
35202369,574,360,70,430
35202370,530,350,65,415
35202371,699,430,115,545
35202372,478,320,65,385
35202373,662,375,225,600
35202374,605,410,75,485
35202375,485,325,65,390
35202376,745,460,90,550
35202377,554,355,90,445
35202378,788,450,230,680
35202379,398,285,45,330
35202380,410,260,70,330
35202381,412,235,65,300
35202382,667,435,130,565
35202383,568,375,90,465
35202384,558,385,75,460
35202385,625,420,85,505
35202386,1144,735,160,895
35202387,542,340,80,420
35202388,1034,635,220,855
35202389,711,445,100,545
35202390,499,320,55,375
35202391,634,405,105,510
35202392,858,580,140,720
35202393,572,370,80,450
35202394,410,270,65,335
35202395,555,390,80,470
35202396,426,270,85,355
35202398,1165,820,180,1000
35202399,423,305,50,355
35202400,535,355,70,425
35202401,575,395,60,455
35202402,525,375,55,430
35202403,1340,915,235,1150
35202404,608,430,70,500
35202405,550,395,100,495
35202406,897,495,305,800
35202407,261,180,35,215
35202408,639,405,145,550
35202409,650,460,115,575
35202413,382,235,90,325
35202414,266,135,90,225
35202415,433,285,75,360
35202416,443,330,65,395
35202417,387,260,75,335
35202418,415,280,80,360
35202419,392,265,70,335
35202431,2658,2060,375,2435
35202436,516,380,85,465
35202439,530,365,95,460
35202440,580,420,95,515
35202441,619,435,115,550
35202442,523,275,205,480
35202443,1060,595,360,955
35202446,312,180,80,260
35202447,446,165,260,425
35202448,281,180,75,255
35202449,406,260,100,360
35202450,276,155,100,255
35202451,581,375,150,525
35202452,297,180,85,265
35202453,614,400,140,540
35202454,683,450,180,630
35202455,459,295,115,410
35202456,355,225,90,315
35202457,277,165,70,235
35202458,329,225,70,295
35202459,432,290,80,370
35202460,388,255,95,350
35202461,310,205,70,275
35202462,1054,700,180,880
35202466,626,410,145,555
35202467,545,350,130,480
35202468,822,525,195,720
35202469,744,535,110,645
35202472,744,210,485,695
35202475,565,375,95,470
35202476,598,380,125,505
35202477,565,395,90,485
35202478,688,460,130,590
35202479,486,305,125,430
35202480,466,300,105,405
35202481,449,290,90,380
35202482,466,290,135,425
35202483,1254,635,510,1145
35202484,265,180,55,235
35202485,269,175,65,240
35202486,420,285,90,375
35202487,276,165,75,240
35202491,488,350,95,445
35202492,350,210,100,310
35202493,356,215,95,310
35202494,428,255,115,370
35202495,401,260,80,340
35202496,626,410,150,560
35202497,440,290,105,395
35202498,548,375,115,490
35202499,659,480,90,570
35202500,472,300,120,420
35202501,970,715,150,865
35202502,412,275,85,360
35202503,501,375,75,450
35202504,604,420,125,545
35202507,371,250,95,345
35202508,463,315,95,410
35202509,457,280,125,405
35202510,935,700,120,820
35202511,722,510,145,655
35202512,481,345,90,435
35202513,455,310,100,410
35202514,440,285,105,390
35202515,554,355,145,500
35202516,449,300,115,415
35202517,525,355,125,480
35202522,485,340,90,430
35202523,498,355,100,455
35202534,965,635,220,855
35202535,458,295,115,410
35202547,881,630,140,770
35202548,504,380,85,465
35202549,447,320,80,400
35202550,542,425,45,470
35202551,507,315,145,460
35202553,947,665,120,785
35202554,1260,820,305,1125
35202555,717,535,60,595
35202560,396,295,65,360
35202564,617,350,190,540
35202565,703,440,150,590
35202566,875,590,145,735
35202567,823,535,155,690
35202568,941,585,205,790
35202569,744,520,115,635
35202570,591,380,120,500
35202571,651,390,180,570
35202572,610,430,95,525
35202573,633,410,120,530
35202574,462,295,100,395
35202575,544,340,145,485
35202576,622,420,85,505
35202577,502,335,100,435
35202583,667,470,115,585
35202584,386,265,95,360
35202586,487,335,100,435
35202587,579,380,130,510
35202588,329,215,80,295
35202589,991,390,550,940
35202590,416,285,90,375
35202591,938,670,115,785
35202592,408,245,140,385
35202593,434,290,95,385
35202594,328,200,100,300
35202597,492,370,55,425
35202598,365,250,50,300
35202599,602,395,100,495
35202600,491,340,65,405
35202605,609,355,180,535
35202606,633,395,125,520
35202608,787,505,180,685
35202611,410,270,80,350
35202612,615,390,135,525
35202613,590,360,145,505
35202614,486,310,100,410
35202615,414,255,85,340
35202616,521,300,130,430
35202617,525,360,85,445
35202618,653,495,70,565
35202619,647,410,110,520
35202620,1733,1035,550,1585
35202621,479,300,100,400
35202622,424,260,90,350
35202623,238,160,40,200
35202627,397,275,60,335
35202628,1656,1120,320,1440
35202629,404,255,100,355
35202630,556,300,185,485
35202636,452,275,100,375
35202637,542,360,55,415
35202638,536,355,70,425
35202639,459,305,70,375
35202640,834,610,105,715
35202641,716,400,190,590
35202642,462,310,50,360
35202643,491,330,70,400
35202644,495,290,95,385
35202645,432,280,80,360
35202646,570,395,75,470
35202647,647,430,110,540
35202648,530,325,105,430
35202649,692,470,95,565
35202650,774,545,105,650
35202653,343,220,55,275
35202654,1333,930,315,1245
35202655,1632,1360,145,1505
35202656,984,750,105,855
35202657,642,500,65,565
35202666,2549,2035,330,2365
35202669,2864,2330,310,2640
35202670,734,575,80,655
35202671,2799,2165,355,2520
35202672,1333,1085,115,1200
35202673,1397,1060,210,1270
35202674,1902,1385,405,1790
35202675,572,390,70,460
35202676,663,435,95,530
35202677,526,345,75,420
35202678,431,270,60,330
35202679,604,375,70,445
35202680,445,255,100,355
35202681,458,310,55,365
35202682,724,470,115,585
35202683,482,285,130,415
35202684,570,395,115,510
35202685,492,315,95,410
35202686,472,310,75,385
35202687,530,270,200,470
35202688,730,495,125,620
35202689,556,390,75,465
35202690,492,320,80,400
35202691,636,400,110,510
35202694,877,625,95,720
35202695,461,320,60,380
35202699,300,175,90,265
35202700,600,395,130,525
35202701,615,335,205,540
35202702,2658,1665,730,2395
35202703,411,230,135,365
35202704,469,290,100,390
35202705,1418,535,825,1360
35202706,530,385,65,450
35202707,704,475,125,600
35202712,816,570,135,705
35202722,1407,775,480,1255
35202727,636,395,95,490
35202733,1768,1030,415,1445
35202735,1497,1045,80,1125
35202736,897,610,65,675
35202739,729,470,160,630
35202741,488,305,120,425
35202742,365,260,60,320
35202743,934,640,135,775
35202744,518,370,60,430
35202745,540,345,120,465
35202746,473,285,90,375
35202747,663,425,125,550
35202748,913,610,140,750
35202749,315,195,65,260
35202750,772,525,120,645
35202751,383,255,80,335
35202752,430,275,100,375
35202753,440,275,90,365
35202756,485,285,115,400
35202757,416,265,90,355
35202758,478,325,75,400
35202760,728,465,130,595
35202761,424,260,90,350
35202762,906,610,180,790
35202763,404,280,75,355
35202764,415,255,95,350
35202765,567,350,130,480
35202767,480,295,110,405
35202768,893,545,185,730
35202769,551,405,70,475
35202770,574,400,105,505
35202771,559,335,100,435
35202772,594,370,95,465
35202773,599,365,125,490
35202774,486,340,50,390
35202775,472,295,85,380
35202776,562,345,105,450
35202777,549,335,90,425
35202778,596,350,150,500
35202779,412,250,80,330
35202787,576,330,150,480
35202788,1035,585,345,930
35202789,635,400,160,560
35202790,1513,880,515,1395
35202791,564,390,140,530
35202792,390,260,90,350
35202797,580,380,90,470
35202798,636,420,130,550
35202799,670,365,250,615
35202800,426,225,180,405
35202801,699,335,315,650
35202802,484,250,165,415
35202803,789,540,165,705
35202804,908,535,290,825
35202805,615,435,115,550
35202806,877,610,145,755
35202807,1118,825,190,1015
35202808,523,370,75,445
35202809,294,180,75,255
35202810,365,245,70,315
35202811,842,525,155,680
35202812,540,330,125,455
35202813,369,230,100,330
35202814,374,250,95,345
35202817,1789,1170,535,1705
35202818,1770,1250,430,1680
35202819,1080,820,190,1010
35202820,2596,1955,515,2470
35202821,792,605,145,750
35202823,825,390,365,755
35202840,283,170,110,280
35202842,361,290,30,320
35202843,426,330,70,400
35202845,374,285,60,345
35202846,289,215,40,255
35202847,1025,640,280,920
35202848,624,510,95,605
35202849,629,530,80,610
35202850,2031,1760,125,1885
35202878,481,225,235,460
35202879,1239,680,465,1145
35202880,918,620,205,825
35202881,443,320,90,410
35202882,563,390,110,500
35202883,330,230,60,290
35202884,487,305,90,395
35202886,426,280,70,350
35202887,483,315,85,400
35202888,478,310,80,390
35202889,397,255,55,310
35202890,603,415,95,510
35202891,562,365,95,460
35202892,318,205,70,275
35202893,620,440,115,555
35202894,717,495,135,630
35202895,515,345,95,440
35202896,432,260,95,355
35202897,462,310,75,385
35202898,382,250,100,350
35202899,505,315,125,440
35202900,697,475,145,620
35202901,498,330,85,415
35202902,489,345,60,405
35202903,693,485,90,575
35202904,477,325,90,415
35202905,547,325,120,445
35202906,861,655,90,745
35202907,470,330,80,410
35202910,396,245,75,320
35202911,558,385,80,465
35202912,628,385,145,530
35202918,679,415,105,520
35202919,540,340,75,415
35202920,598,375,105,480
35202928,895,645,135,780
35202930,583,400,85,485
35202931,611,450,105,555
35202932,513,345,100,445
35202933,430,280,90,370
35202935,614,370,150,520
35202936,559,365,75,440
35202937,643,415,90,505
35202938,519,340,65,405
35202939,630,410,105,515
35202940,469,300,85,385
35202941,483,290,100,390
35202942,576,360,85,445
35202943,748,585,75,660
35202944,741,395,250,645
35202945,476,280,95,375
35202946,584,325,140,465
35202947,862,550,155,705
35202948,375,220,65,285
35202949,702,480,120,600
35202950,578,335,150,485
35202951,418,285,80,365
35202952,494,325,80,405
35202953,493,305,85,390
35202954,495,315,75,390
35202955,594,395,70,465
35202965,812,535,115,650
35202966,328,230,60,290
35202967,452,295,90,385
35202968,705,440,170,610
35202969,514,320,125,445
35202970,426,300,45,345
35202971,605,410,95,505
35202972,496,350,85,435
35202973,440,280,95,375
35202974,361,205,100,305
35202975,335,200,95,295
35202976,352,195,115,310
35202977,262,85,160,245
35202982,335,190,85,275
35202983,545,355,125,480
35202985,556,280,215,495
35202986,518,330,125,455
35202987,494,310,120,430
35202988,460,250,135,385
35202989,433,260,115,375
35202990,933,570,245,815
35202991,802,515,220,735
35202992,560,345,130,475
35202993,817,485,240,725
35202994,305,170,100,270
35202995,348,195,110,305
35202996,602,350,170,520
35202997,635,350,195,545
35202998,527,325,130,455
35202999,493,290,120,410
35203000,680,380,180,560
35203001,546,330,140,470
35203002,846,550,175,725
35203003,537,340,115,455
35203004,597,360,145,505
35203005,579,375,125,500
35203006,465,300,115,415
35203007,610,380,150,530
35203008,522,330,105,435
35203009,430,265,105,370
35203015,274,160,75,235
35203016,685,415,180,595
35203018,233,155,50,205
35203026,626,430,70,500
35203027,766,540,135,675
35203028,464,305,105,410
35203029,253,170,50,220
35203030,366,235,90,325
35203031,1038,685,235,920
35203032,376,260,70,330
35203033,375,280,45,325
35203034,121,85,25,110
35203035,665,475,75,550
35203036,454,335,75,410
35203037,478,360,65,425
35203038,1059,750,180,930
35203039,461,330,80,410
35203040,342,235,65,300
35203041,808,580,130,710
35203042,603,425,85,510
35203043,420,285,95,380
35203044,346,200,105,305
35203045,537,305,180,485
35203046,408,255,100,355
35203047,652,450,100,550
35203048,527,395,70,465
35203049,231,160,55,215
35203050,362,255,65,320
35203051,816,660,80,740
35203052,133,100,20,120
35203053,1147,810,105,915
35203054,1108,850,150,1000
35203055,699,495,80,575
35203056,909,635,90,725
35203057,1526,1030,125,1155
35203058,593,415,90,505
35203059,318,210,60,270
35203060,288,210,50,260
35203061,638,420,130,550
35203064,509,370,80,450
35203071,379,270,65,335
35203072,372,265,70,335
35203073,386,270,80,350
35203074,515,290,175,465
35203075,686,400,220,620
35203077,361,255,65,320
35203079,281,195,55,250
35203080,386,290,60,350
35203081,373,275,60,335
35203082,377,275,65,340
35203086,939,650,215,865
35203093,693,460,140,600
35203094,538,355,110,465
35203095,642,410,140,550
35203096,749,515,115,630
35203097,510,360,100,460
35203098,486,325,110,435
35203102,391,225,100,325
35203105,390,245,95,340
35203107,713,435,175,610
35203108,649,415,115,530
35203109,824,535,165,700
35203110,573,370,75,445
35203111,555,350,115,465
35203112,452,275,115,390
35203113,258,165,60,225
35203126,608,385,120,505
35203127,947,615,195,810
35203128,417,265,60,325
35203129,394,270,65,335
35203130,458,330,65,395
35203131,1434,1095,140,1235
35203132,452,335,50,385
35203133,334,230,55,285
35203134,382,280,55,335
35203135,513,330,100,430
35203136,454,285,95,380
35203137,687,420,150,570
35203138,454,245,140,385
35203139,565,355,80,435
35203140,732,460,110,570
35203141,455,270,100,370
35203142,525,295,105,400
35203143,553,400,85,485
35203144,529,395,45,440
35203146,950,565,275,840
35203147,868,540,180,720
35203148,449,280,115,395
35203149,1067,715,245,960
35203150,481,290,105,395
35203151,471,295,70,365
35203152,602,410,110,520
35203153,600,420,75,495
35203154,490,310,85,395
35203156,384,260,70,330
35203157,9625,8590,385,8975
35203160,2581,2165,165,2330
35203161,520,430,75,505
35203162,973,755,130,885
35203163,513,405,80,485
35203167,292,245,25,270
35203170,596,475,45,520
35203174,604,305,250,555
35203176,3438,2855,335,3190
35203177,2230,1920,130,2050
35203183,512,330,115,445
35203184,525,380,80,460
35203185,116,0,0,0
35203190,1290,1020,105,1125
35203191,293,220,25,245
35203192,605,455,45,500
35203193,505,390,50,440
35203194,588,420,70,490
35203195,726,520,100,620
35203196,292,230,25,255
35203197,453,310,65,375
35203198,338,255,40,295
35203199,872,525,255,780
35203200,776,470,205,675
35203201,668,505,65,570
35203202,456,325,55,380
35203203,336,240,30,270
35203204,303,210,45,255
35203208,386,255,55,310
35203209,598,410,85,495
35203210,315,230,15,245
35203211,302,200,40,240
35203212,414,290,50,340
35203213,528,385,45,430
35203214,498,370,55,425
35203216,238,185,30,215
35203217,535,395,45,440
35203218,625,445,55,500
35203219,390,285,45,330
35203220,389,250,65,315
35203221,566,385,60,445
35203222,623,425,75,500
35203223,202,150,20,170
35203224,424,275,65,340
35203225,450,325,50,375
35203226,545,385,65,450
35203227,554,395,65,460
35203228,620,420,120,540
35203229,483,305,80,385
35203230,707,460,135,595
35203231,692,440,165,605
35203232,694,475,110,585
35203233,636,405,135,540
35203234,672,470,115,585
35203235,555,390,80,470
35203236,638,430,95,525
35203237,612,410,70,480
35203238,456,320,70,390
35203239,688,450,165,615
35203240,790,415,295,710
35203241,581,390,110,500
35203242,573,360,85,445
35203243,450,300,80,380
35203244,423,265,90,355
35203245,423,275,70,345
35203246,432,245,100,345
35203247,653,420,130,550
35203248,611,405,85,490
35203249,541,350,100,450
35203250,618,400,100,500
35203251,543,375,75,450
35203252,596,390,115,505
35203253,363,235,80,315
35203254,454,300,115,415
35203255,534,370,75,445
35203256,547,390,60,450
35203257,696,435,225,660
35203258,544,395,70,465
35203259,631,425,90,515
35203260,453,310,75,385
35203261,675,475,110,585
35203263,422,275,80,355
35203264,570,330,165,495
35203265,502,355,70,425
35203266,462,310,80,390
35203267,533,365,85,450
35203268,738,535,120,655
35203269,567,410,75,485
35203270,83,60,20,80
35203271,549,400,80,480
35203273,1459,1080,165,1245
35203274,807,530,160,690
35203275,965,480,385,865
35203276,605,400,90,490
35203277,502,330,70,400
35203278,492,325,95,420
35203279,634,405,145,550
35203280,420,280,80,360
35203281,438,295,60,355
35203282,428,275,90,365
35203283,600,400,95,495
35203284,426,275,80,355
35203285,540,365,90,455
35203286,624,435,75,510
35203287,452,305,80,385
35203288,1035,720,185,905
35203289,677,455,140,595
35203290,515,345,80,425
35203291,953,630,150,780
35203292,338,215,90,305
35203293,188,115,50,165
35203294,598,415,130,545
35203296,301,185,85,270
35203297,522,345,95,440
35203298,540,375,80,455
35203299,516,350,75,425
35203300,460,325,70,395
35203301,475,330,70,400
35203314,562,380,105,485
35203315,382,210,120,330
35203316,423,280,80,360
35203317,542,310,95,405
35203318,659,420,130,550
35203321,374,220,100,320
35203322,628,365,160,525
35203323,391,240,80,320
35203324,587,395,60,455
35203330,1062,695,80,775
35203331,908,570,85,655
35203332,406,280,75,355
35203333,720,430,200,630
35203334,482,335,80,415
35203337,357,265,50,315
35203338,427,265,90,355
35203339,423,275,80,355
35203340,1804,1160,200,1360
35203342,1306,525,665,1190
35203344,286,190,65,255
35203345,593,405,75,480
35203346,390,245,70,315
35203347,339,225,55,280
35203348,805,550,80,630
35203350,923,355,445,800
35203351,603,425,100,525
35203352,448,320,50,370
35203353,493,325,70,395
35203354,543,350,100,450
35203355,503,350,80,430
35203356,589,405,85,490
35203357,348,225,75,300
35203358,460,305,85,390
35203359,474,345,65,410
35203360,290,195,45,240
35203361,543,350,105,455
35203370,1511,1170,90,1260
35203371,1655,1195,110,1305
35203372,1381,975,90,1065
35203373,328,240,50,290
35203374,591,415,115,530
35203375,295,205,65,270
35203376,284,185,60,245
35203377,543,355,115,470
35203378,640,405,160,565
35203379,575,370,120,490
35203380,458,295,100,395
35203381,465,310,85,395
35203382,491,315,95,410
35203383,388,245,85,330
35203384,542,355,115,470
35203385,471,335,80,415
35203386,604,395,135,530
35203387,565,375,95,470
35203388,525,355,105,460
35203389,464,340,85,425
35203391,427,280,105,385
35203392,313,195,25,220
35203393,930,630,165,795
35203394,778,125,635,760
35203395,617,405,125,530
35203396,400,280,65,345
35203399,546,340,110,450
35203400,361,250,80,330
35203401,290,190,65,255
35203402,361,245,55,300
35203404,2151,1440,185,1625
35203405,1037,685,85,770
35203406,1497,1000,195,1195
35203407,531,355,85,440
35203408,1914,1265,380,1645
35203409,489,340,95,435
35203410,449,300,75,375
35203411,1454,1025,215,1240
35203412,602,410,100,510
35203413,419,275,70,345
35203414,554,390,90,480
35203415,407,285,80,365
35203416,640,435,100,535
35203417,587,395,105,500
35203418,598,425,105,530
35203419,607,320,235,555
35203420,695,465,135,600
35203421,732,505,125,630
35203422,562,400,75,475
35203423,593,415,90,505
35203427,755,555,95,650
35203435,765,500,165,665
35203439,638,455,90,545
35203440,616,425,90,515
35203441,469,320,85,405
35203442,272,195,55,250
35203443,466,325,70,395
35203444,664,450,105,555
35203445,570,380,105,485
35203446,569,385,95,480
35203447,635,425,115,540
35203448,960,670,80,750
35203449,1095,750,115,865
35203450,592,435,60,495
35203451,662,465,90,555
35203452,898,490,305,795
35203458,564,400,95,495
35203461,586,410,110,520
35203462,535,370,110,480
35203463,436,285,105,390
35203465,1370,930,245,1175
35203466,1313,910,225,1135
35203467,482,300,115,415
35203468,534,385,95,480
35203469,467,305,120,425
35203470,813,555,80,635
35203471,536,345,90,435
35203472,676,420,110,530
35203479,382,280,65,345
35203480,478,350,65,415
35203483,692,465,125,590
35203484,629,430,110,540
35203485,412,300,50,350
35203486,814,540,105,645
35203489,675,440,135,575
35203490,599,430,110,540
35203491,636,435,115,550
35203492,428,300,80,380
35203493,735,540,70,610
35203494,541,390,100,490
35203495,486,340,90,430
35203496,506,360,85,445
35203498,596,400,100,500
35203501,511,365,90,455
35203502,597,415,95,510
35203503,4044,2940,440,3380
35203504,293,190,45,235
35203505,503,380,70,450
35203506,534,390,80,470
35203507,409,295,70,365
35203508,589,385,90,475
35203509,820,455,265,720
35203510,481,215,205,420
35203511,575,385,105,490
35203512,596,400,110,510
35203513,553,395,70,465
35203519,934,675,145,820
35203520,2809,1840,215,2055
35203521,1659,850,655,1505
35203522,801,585,90,675
35203523,391,260,50,310
35203524,438,270,85,355
35203525,475,330,80,410
35203526,478,295,120,415
35203527,878,580,150,730
35203528,505,345,85,430
35203529,504,335,95,430
35203530,484,345,90,435
35203531,460,300,115,415
35203532,570,395,100,495
35203533,458,300,95,395
35203534,486,335,95,430
35203535,486,315,85,400
35203536,438,280,95,375
35203537,565,405,90,495
35203538,456,315,70,385
35203539,455,335,80,415
35203540,480,325,90,415
35203541,877,580,175,755
35203542,619,435,65,500
35203543,557,400,90,490
35203544,553,380,105,485
35203545,562,395,90,485
35203546,672,445,120,565
35203547,615,445,65,510
35203548,760,510,115,625
35203552,641,455,90,545
35203554,469,310,85,395
35203561,1082,720,145,865
35203566,1840,1265,245,1510
35203567,684,465,105,570
35203568,998,700,140,840
35203569,477,325,80,405
35203570,633,430,100,530
35203571,485,320,100,420
35203572,451,310,70,380
35203573,622,445,100,545
35203574,676,455,120,575
35203575,562,370,125,495
35203576,501,335,105,440
35203577,413,275,85,360
35203578,529,355,105,460
35203579,518,330,110,440
35203580,935,650,110,760
35203581,337,225,65,290
35203584,648,480,90,570
35203585,458,305,90,395
35203586,430,305,65,370
35203587,468,320,75,395
35203588,582,410,95,505
35203589,697,500,140,640
35203590,1454,990,255,1245
35203591,937,680,105,785
35203592,689,515,125,640
35203593,323,210,70,280
35203594,786,540,140,680
35203595,602,420,100,520
35203596,333,220,70,290
35203597,460,315,100,415
35203599,841,560,150,710
35203600,404,245,105,350
35203604,765,520,135,655
35203605,732,510,115,625
35203606,598,420,85,505
35203607,792,555,135,690
35203608,616,435,115,550
35203610,795,390,325,715
35203611,409,270,90,360
35203612,476,290,120,410
35203613,835,535,200,735
35203614,367,210,100,310
35203615,358,220,110,330
35203616,530,370,100,470
35203617,880,660,80,740
35203618,2306,1490,540,2030
35203619,547,385,105,490
35203620,895,465,360,825
35203621,1028,690,215,905
35203622,1021,685,145,830
35203623,897,625,170,795
35203626,460,265,145,410
35203627,658,425,160,585
35203628,400,260,95,355
35203629,289,180,55,235
35203630,295,210,50,260
35203631,390,225,135,360
35203632,561,355,150,505
35203633,416,245,115,360
35203634,536,335,115,450
35203635,604,410,105,515
35203636,724,475,125,600
35203637,429,290,65,355
35203640,560,375,110,485
35203641,350,225,80,305
35203649,0,NA,NA,NA
35203650,1232,780,325,1105
35203651,548,360,115,475
35203652,405,275,80,355
35203653,657,465,125,590
35203654,459,305,70,375
35203655,500,345,85,430
35203656,661,355,250,605
35203657,551,405,85,490
35203658,351,250,60,310
35203659,1228,835,170,1005
35203660,434,305,60,365
35203661,685,490,110,600
35203664,1190,750,110,860
35203666,464,315,40,355
35203668,644,430,120,550
35203669,756,510,150,660
35203670,1210,880,110,990
35203672,422,275,85,360
35203673,271,180,50,230
35203675,627,390,145,535
35203676,538,325,135,460
35203677,485,280,135,415
35203678,256,135,65,200
35203679,365,215,100,315
35203680,461,275,130,405
35203681,522,315,140,455
35203682,837,505,190,695
35203683,401,250,85,335
35203684,1033,695,185,880
35203685,502,280,160,440
35203686,342,205,90,295
35203687,833,575,125,700
35203688,635,395,155,550
35203689,554,340,155,495
35203690,526,340,145,485
35203691,1095,735,230,965
35203692,483,265,155,420
35203693,571,360,145,505
35203694,505,335,120,455
35203695,616,410,120,530
35203696,484,300,115,415
35203697,331,210,70,280
35203698,514,335,150,485
35203699,526,350,125,475
35203700,682,475,115,590
35203701,448,300,105,405
35203703,530,325,140,465
35203704,382,245,95,340
35203705,394,255,85,340
35203708,1133,715,290,1005
35203709,982,635,200,835
35203710,525,360,100,460
35203711,355,235,85,320
35203712,416,265,95,360
35203713,665,430,155,585
35203714,578,355,135,490
35203715,426,280,105,385
35203716,778,445,220,665
35203717,68,30,20,50
35203718,1660,1105,275,1380
35203719,593,380,125,505
35203720,586,385,120,505
35203721,397,225,115,340
35203722,525,300,125,425
35203723,461,275,115,390
35203724,529,305,140,445
35203725,520,350,100,450
35203726,483,280,110,390
35203729,380,240,75,315
35203730,434,295,85,380
35203731,1584,1035,270,1305
35203732,687,415,155,570
35203733,485,310,90,400
35203734,401,235,105,340
35203735,364,230,90,320
35203736,439,295,90,385
35203737,592,355,145,500
35203738,387,240,90,330
35203739,641,345,200,545
35203740,334,210,90,300
35203743,545,335,130,465
35203744,653,460,105,565
35203745,886,615,180,795
35203746,1160,810,175,985
35203747,756,480,200,680
35203748,374,240,90,330
35203751,429,290,95,385
35203752,1065,780,150,930
35203753,347,225,65,290
35203754,587,420,60,480
35203755,406,265,85,350
35203756,461,295,105,400
35203757,576,380,130,510
35203758,480,320,95,415
35203759,389,260,80,340
35203760,466,295,85,380
35203761,440,280,95,375
35203762,606,390,125,515
35203766,1265,840,150,990
35203786,728,465,155,620
35203787,704,485,115,600
35203788,935,605,185,790
35203789,285,195,40,235
35203790,502,330,80,410
35203791,289,185,50,235
35203792,1177,865,140,1005
35203793,282,95,180,275
35203794,441,285,95,380
35203796,505,350,85,435
35203798,423,275,80,355
35203799,719,470,80,550
35203800,444,295,55,350
35203801,476,295,105,400
35203802,467,295,100,395
35203803,517,340,80,420
35203807,465,330,60,390
35203808,404,260,70,330
35203809,427,285,70,355
35203810,548,360,85,445
35203811,713,480,100,580
35203812,827,535,170,705
35203813,426,280,70,350
35203815,590,375,110,485
35203816,435,290,70,360
35203817,627,425,90,515
35203818,647,455,95,550
35203819,393,235,80,315
35203820,556,350,145,495
35203828,422,275,75,350
35203829,444,305,70,375
35203830,511,365,75,440
35203833,529,415,60,475
35203834,711,545,105,650
35203835,334,240,50,290
35203836,341,245,50,295
35203837,229,160,40,200
35203838,437,315,75,390
35203841,504,380,75,455
35203842,454,315,65,380
35203843,456,335,60,395
35203844,564,435,70,505
35203845,393,295,65,360
35203846,279,205,45,250
35203847,342,245,40,285
35203848,490,280,145,425
35203849,579,320,180,500
35203850,946,620,235,855
35203851,324,245,35,280
35203852,339,210,65,275
35203853,362,235,80,315
35203857,1870,1305,310,1615
35203858,448,265,130,395
35203859,335,245,45,290
35203860,400,320,50,370
35203861,341,245,70,315
35203864,653,465,85,550
35203865,467,325,70,395
35203866,684,480,105,585
35203867,466,315,95,410
35203868,568,375,100,475
35203869,514,355,85,440
35203870,457,290,105,395
35203871,430,290,85,375
35203872,370,260,70,330
35203873,252,160,45,205
35203876,423,275,75,350
35203877,507,340,50,390
35203878,589,225,305,530
35203880,380,260,50,310
35203881,724,525,90,615
35203882,395,255,60,315
35203883,418,270,75,345
35203884,510,360,45,405
35203885,423,310,60,370
35203886,447,305,85,390
35203887,682,395,185,580
35203888,739,505,130,635
35203889,338,215,50,265
35203890,507,340,70,410
35203891,530,350,70,420
35203892,587,375,95,470
35203893,550,405,40,445
35203895,529,335,105,440
35203897,455,180,235,415
35203898,532,385,75,460
35203899,1048,755,180,935
35203908,1178,845,185,1030
35203909,350,250,60,310
35203910,360,195,125,320
35203911,720,495,150,645
35203912,772,585,70,655
35203913,322,200,80,280
35203914,1089,720,185,905
35203915,998,665,100,765
35203916,671,485,105,590
35203917,309,180,105,285
35203919,208,150,40,190
35203921,1054,595,370,965
35203922,324,230,70,300
35203925,1046,645,270,915
35203926,244,135,65,200
35203927,683,450,120,570
35203928,737,460,160,620
35203929,980,610,225,835
35203930,998,660,215,875
35203931,309,195,80,275
35203932,448,300,105,405
35203933,1103,665,290,955
35203936,338,220,85,305
35203937,462,285,125,410
35203938,339,205,90,295
35203939,321,220,65,285
35203940,696,490,130,620
35203943,591,390,120,510
35203945,1310,690,500,1190
35203946,4484,2570,1175,3745
35203947,2813,1625,805,2430
35203948,2502,1710,370,2080
35203951,1604,895,485,1380
35203953,1495,1055,165,1220
35203954,7176,5135,1090,6225
35203955,1819,1075,560,1635
35203958,1097,785,170,955
35203959,1990,1275,180,1455
35203960,2432,1560,330,1890
35203962,634,440,110,550
35203965,1166,765,145,910
35203971,1837,1270,195,1465
35203973,958,470,435,905
35203974,1026,645,185,830
35203975,1678,370,1275,1645
35203976,1939,1335,390,1725
35203977,1317,910,225,1135
35203978,3843,2545,645,3190
35203979,1333,885,295,1180
35203980,1797,1205,245,1450
35203981,1411,965,165,1130
35203984,2933,2380,365,2745
35203986,2377,1825,360,2185
35203987,797,310,425,735
35203989,1798,1080,500,1580
35203990,1263,715,400,1115
35203991,948,510,380,890
35203992,1334,940,150,1090
35203993,935,630,110,740
35203994,1459,1030,130,1160
35203995,1005,660,180,840
35203997,962,695,150,845
35203998,843,495,240,735
35204001,880,530,215,745
35204003,663,545,60,605
35204004,3194,2480,565,3045
35204005,1549,925,370,1295
35204006,1219,590,555,1145
35204007,1780,1050,535,1585
35204009,1127,890,125,1015
35204010,1349,895,245,1140
35204011,1354,920,160,1080
35204012,817,575,125,700
35204013,2079,1665,245,1910
35204014,3288,2300,525,2825
35204015,1497,1095,210,1305
35204019,2076,1585,240,1825
35204020,2214,1645,270,1915
35204021,257,200,30,230
35204024,2719,2100,350,2450
35204027,1287,895,180,1075
35204028,2407,1750,245,1995
35204029,1088,745,215,960
35204030,1479,1010,250,1260
35204032,1462,1015,185,1200
35204033,1980,1275,465,1740
35204034,823,575,130,705
35204038,827,590,130,720
35204039,1103,575,460,1035
35204040,594,345,200,545
35204041,2260,1615,255,1870
35204042,1664,1030,455,1485
35204043,1911,1320,250,1570
35204045,1791,1415,210,1625
35204047,1282,845,290,1135
35204052,2241,1550,205,1755
35204053,2404,1580,465,2045
35204054,1233,560,570,1130
35204055,2248,1505,340,1845
35204056,2006,1315,90,1405
35204057,1214,780,90,870
35204058,1270,825,270,1095
35204059,2662,1850,255,2105
35204061,1561,945,340,1285
35204064,1729,1170,285,1455
35204065,1610,1095,210,1305
35204066,1630,890,590,1480
35204067,1209,750,265,1015
35204068,2362,1535,425,1960
35204069,1661,1230,145,1375
35204070,1040,565,360,925
35204072,2700,1655,550,2205
35204076,1342,965,200,1165
35204077,1601,1180,245,1425
35204080,1922,1280,365,1645
35204082,1567,960,370,1330
35204083,1937,1115,615,1730
35204085,2775,1965,270,2235
35204087,1894,1330,215,1545
35204089,838,620,155,775
35204090,1140,915,130,1045
35204091,1467,1020,335,1355
35204092,844,275,515,790
35204094,3413,2285,370,2655
35204095,1808,940,750,1690
35204096,2606,2005,380,2385
35204097,1955,1490,315,1805
35204098,1644,835,680,1515
35204100,2708,2030,255,2285
35204101,8119,6085,1180,7265
35204106,1028,925,45,970
35204107,834,455,285,740
35204109,1992,1165,460,1625
35204113,1532,610,845,1455
35204114,1190,365,795,1160
35204115,1476,1055,190,1245
35204116,853,345,430,775
35204119,1720,1235,210,1445
35204120,1262,760,395,1155
35204124,7031,4880,845,5725
35204125,1425,920,350,1270
35204127,1532,1040,180,1220
35204129,1324,920,80,1000
35204130,555,280,225,505
35204131,974,530,285,815
35204133,1269,850,265,1115
35204134,778,525,160,685
35204135,1453,1085,245,1330
35204136,1110,780,135,915
35204137,1329,600,655,1255
35204138,1319,880,215,1095
35204141,1918,1090,610,1700
35204142,2641,2290,180,2470
35204143,1815,1210,135,1345
35204144,1958,1435,280,1715
35204145,1739,1200,235,1435
35204146,1147,680,355,1035
35204147,1450,985,240,1225
35204148,720,490,150,640
35204149,921,645,140,785
35204150,758,525,105,630
35204151,911,580,190,770
35204152,575,365,130,495
35204153,471,295,125,420
35204154,879,635,110,745
35204155,646,425,105,530
35204156,612,420,125,545
35204157,617,500,65,565
35204159,718,475,135,610
35204160,471,330,45,375
35204161,504,365,90,455
35204162,517,335,115,450
35204163,533,325,125,450
35204164,524,345,125,470
35204166,587,385,120,505
35204167,556,335,175,510
35204168,820,550,165,715
35204169,306,185,65,250
35204170,515,310,95,405
35204172,447,265,125,390
35204173,647,475,105,580
35204174,504,340,105,445
35204176,408,290,75,365
35204177,614,395,100,495
35204178,762,500,160,660
35204179,750,525,100,625
35204180,596,385,125,510
35204181,565,375,125,500
35204182,780,510,155,665
35204183,525,345,95,440
35204184,1121,795,210,1005
35204186,425,335,70,405
35204187,764,610,70,680
35204188,557,465,25,490
35204189,462,365,65,430
35204190,1094,835,130,965
35204191,626,445,105,550
35204192,455,305,10,315
35204193,321,245,35,280
35204194,1047,765,105,870
35204195,1880,1370,300,1670
35204196,407,320,50,370
35204197,575,410,90,500
35204198,974,660,205,865
35204199,988,725,115,840
35204200,78,60,15,75
35204201,1191,680,315,995
35204202,765,530,75,605
35204204,119,70,25,95
35204205,347,270,30,300
35204206,338,260,45,305
35204207,425,280,95,375
35204208,1257,810,200,1010
35204209,153,100,45,145
35204211,317,180,75,255
35204212,907,595,90,685
35204213,1555,1040,250,1290
35204214,506,375,55,430
35204215,780,550,100,650
35204216,838,535,175,710
35204217,244,145,50,195
35204218,628,395,140,535
35204219,342,235,30,265
35204220,333,295,20,315
35204221,383,320,40,360
35204222,695,530,120,650
35204224,1803,1350,200,1550
35204225,494,395,50,445
35204226,488,365,70,435
35204227,1453,970,250,1220
35204228,2973,2645,180,2825
35204229,2145,1955,85,2040
35204230,2588,2055,310,2365
35204231,1302,950,150,1100
35204232,1250,780,340,1120
35204233,300,225,40,265
35204235,514,305,140,445
35204236,655,450,115,565
35204237,457,310,70,380
35204238,699,480,90,570
35204240,1211,670,435,1105
35204242,1736,1185,355,1540
35204243,1367,995,125,1120
35204244,374,245,70,315
35204245,1049,1000,25,1025
35204246,1978,1390,310,1700
35204249,1940,1250,445,1695
35204250,2059,1615,150,1765
35204251,608,385,130,515
35204252,1310,825,260,1085
35204253,260,160,65,225
35204254,640,450,45,495
35204255,614,395,130,525
35204256,316,210,40,250
35204257,1305,965,145,1110
35204258,0,NA,NA,NA
35204262,387,260,50,310
35204263,389,240,70,310
35204265,1807,660,1035,1695
35204266,141,85,40,125
35204267,2204,1485,325,1810
35204271,954,605,205,810
35204272,3179,2015,735,2750
35204273,150,115,20,135
35204274,418,65,350,415
35204275,445,345,65,410
35204276,515,325,120,445
35204277,1232,855,220,1075
35204278,515,330,80,410
35204279,641,410,105,515
35204280,364,245,85,330
35204281,569,360,135,495
35204282,690,475,120,595
35204283,517,345,90,435
35204284,2898,1660,935,2595
35204285,381,250,70,320
35204286,637,440,120,560
35204287,814,600,150,750
35204288,573,375,120,495
35204289,765,570,60,630
35204290,1369,915,175,1090
35204291,930,660,115,775
35204292,793,545,120,665
35204293,474,340,65,405
35204294,544,390,85,475
35204295,451,320,70,390
35204296,663,445,125,570
35204297,478,330,80,410
35204298,1137,765,160,925
35204299,463,310,95,405
35204300,473,325,75,400
35204301,472,315,95,410
35204302,556,360,110,470
35204303,481,325,90,415
35204304,510,350,85,435
35204305,1104,780,130,910
35204307,1141,895,115,1010
35204309,364,255,65,320
35204310,2391,1610,390,2000
35204311,1410,960,350,1310
35204312,1256,940,195,1135
35204317,1771,1420,230,1650
35204318,565,400,90,490
35204319,550,350,105,455
35204321,3500,2735,495,3230
35204322,498,325,85,410
35204323,535,375,95,470
35204324,567,370,105,475
35204325,623,415,110,525
35204326,1317,920,260,1180
35204327,456,315,65,380
35204328,361,205,130,335
35204329,3107,2120,325,2445
35204330,1626,1075,105,1180
35204331,1332,900,70,970
35204332,516,365,65,430
35204333,2911,1895,380,2275
35204334,306,200,65,265
35204335,663,490,105,595
35204336,481,300,125,425
35204337,597,410,75,485
35204338,392,260,75,335
35204339,854,535,200,735
35204340,617,405,105,510
35204341,343,140,175,315
35204342,510,325,125,450
35204343,751,525,130,655
35204344,1115,710,310,1020
35204345,653,485,80,565
35204346,886,600,135,735
35204348,1996,1180,515,1695
35204352,1453,1005,220,1225
35204353,2232,1485,130,1615
35204355,2516,1690,495,2185
35204356,2007,1605,100,1705
35204357,484,340,90,430
35204358,696,525,65,590
35204359,1167,825,75,900
35204360,843,555,210,765
35204361,502,330,85,415
35204362,507,320,105,425
35204363,663,430,135,565
35204364,1084,750,85,835
35204365,508,340,90,430
35204366,257,170,10,180
35204367,2928,1995,190,2185
35204369,437,310,60,370
35204370,1504,975,260,1235
35204371,3391,2460,205,2665
35204372,1029,725,80,805
35204373,1882,1200,370,1570
35204374,611,415,100,515
35204375,533,335,130,465
35204376,498,330,80,410
35204377,514,330,105,435
35204378,517,360,80,440
35204379,403,265,100,365
35204380,3486,2820,370,3190
35204381,1064,835,140,975
35204383,693,475,105,580
35204384,781,570,135,705
35204385,657,430,85,515
35204386,732,465,105,570
35204387,601,375,140,515
35204388,537,345,90,435
35204389,1668,1275,230,1505
35204390,1113,880,140,1020
35204391,599,325,210,535
35204392,656,470,95,565
35204393,482,260,170,430
35204394,471,260,165,425
35204395,627,410,140,550
35204396,927,565,225,790
35204397,1141,755,185,940
35204398,549,375,90,465
35204399,949,660,175,835
35204400,404,245,125,370
35204401,1519,1015,180,1195
35204402,1732,1095,345,1440
35204403,615,440,95,535
35204404,508,335,90,425
35204405,679,460,115,575
35204406,410,295,80,375
35204407,518,350,85,435
35204408,556,410,70,480
35204409,399,255,55,310
35204410,967,670,205,875
35204411,582,375,105,480
35204412,1419,910,300,1210
35204413,951,635,55,690
35204414,1410,940,310,1250
35204415,1571,1070,255,1325
35204416,475,345,50,395
35204417,432,290,65,355
35204418,233,145,55,200
35204419,506,350,70,420
35204420,438,285,85,370
35204421,536,375,85,460
35204422,504,340,90,430
35204423,489,335,85,420
35204424,898,640,130,770
35204425,560,405,70,475
35204426,2592,1800,245,2045
35204427,1166,805,85,890
35204430,953,655,115,770
35204431,598,375,140,515
35204433,517,325,110,435
35204434,508,320,130,450
35204435,942,675,135,810
35204438,556,410,75,485
35204439,664,495,85,580
35204440,519,345,90,435
35204441,520,350,85,435
35204442,456,335,55,390
35204443,468,330,75,405
35204444,395,270,45,315
35204445,446,325,55,380
35204446,604,390,65,455
35204447,449,305,75,380
35204448,768,535,80,615
35204449,387,300,45,345
35204450,422,310,55,365
35204451,465,345,40,385
35204452,478,340,65,405
35204453,964,665,110,775
35204455,717,490,105,595
35204456,1098,715,175,890
35204457,542,370,90,460
35204458,1438,1000,235,1235
35204460,514,360,105,465
35204461,494,340,75,415
35204462,433,325,60,385
35204465,1127,710,310,1020
35204466,1719,1330,235,1565
35204467,1117,720,320,1040
35204468,1887,1255,540,1795
35204469,1768,1330,220,1550
35204470,3151,2560,265,2825
35204471,766,575,95,670
35204472,800,590,115,705
35204473,423,305,80,385
35204474,3484,2550,410,2960
35204475,593,385,140,525
35204476,434,300,100,400
35204477,450,315,100,415
35204478,823,580,150,730
35204479,45,40,10,50
35204480,1209,860,110,970
35204481,512,325,70,395
35204482,451,300,60,360
35204483,433,335,50,385
35204484,447,290,70,360
35204485,542,355,85,440
35204486,463,310,75,385
35204487,1752,1115,415,1530
35204488,1768,1290,215,1505
35204489,656,500,80,580
35204490,990,695,175,870
35204491,505,355,80,435
35204492,644,470,80,550
35204493,523,365,80,445
35204494,758,545,90,635
35204495,459,300,80,380
35204496,368,260,40,300
35204497,399,255,75,330
35204498,463,295,100,395
35204499,494,355,80,435
35204500,657,275,345,620
35204501,458,310,80,390
35204502,571,430,60,490
35204503,555,400,100,500
35204504,547,375,110,485
35204505,929,610,245,855
35204506,855,365,435,800
35204507,1026,610,365,975
35204508,537,325,200,525
35204509,512,305,135,440
35204510,568,315,175,490
35204511,613,400,80,480
35204512,512,330,110,440
35204513,340,230,45,275
35204514,424,270,85,355
35204515,641,430,125,555
35204516,685,470,125,595
35204517,426,290,65,355
35204518,569,370,95,465
35204519,518,355,80,435
35204520,679,510,85,595
35204521,422,280,80,360
35204522,423,295,70,365
35204523,624,420,105,525
35204524,352,230,75,305
35204525,295,180,70,250
35204526,570,395,105,500
35204527,484,315,80,395
35204528,443,270,95,365
35204529,505,325,85,410
35204530,532,340,80,420
35204531,553,380,95,475
35204532,442,280,120,400
35204533,1172,770,270,1040
35204534,413,330,35,365
35204535,1544,1270,165,1435
35204536,806,630,90,720
35204537,685,515,70,585
35204538,493,290,85,375
35204539,528,405,70,475
35204540,570,430,60,490
35204541,586,345,115,460
35204542,402,270,65,335
35204543,1384,930,390,1320
35204544,578,215,335,550
35204545,484,240,215,455
35204546,484,355,65,420
35204547,486,310,75,385
35204548,1043,725,135,860
35204549,385,240,85,325
35204550,445,315,50,365
35204551,379,285,50,335
35204552,450,335,55,390
35204553,422,310,55,365
35204554,517,365,80,445
35204555,554,380,90,470
35204556,518,310,145,455
35204557,435,280,90,370
35204558,767,570,155,725
35204559,448,325,85,410
35204560,536,355,80,435
35204561,598,400,90,490
35204562,495,375,75,450
35204563,1478,1110,180,1290
35204564,2805,2045,400,2445
35204565,1711,1440,120,1560
35204566,444,375,40,415
35204567,6837,4955,705,5660
35204568,657,350,215,565
35204569,602,435,75,510
35204570,509,380,70,450
35204571,828,595,140,735
35204572,401,295,55,350
35204573,570,425,80,505
35204574,1411,1090,100,1190
35204575,579,435,85,520
35204576,564,405,70,475
35204577,601,445,80,525
35204578,2410,2155,145,2300
35204579,1537,1250,215,1465
35204580,922,750,120,870
35204581,1068,920,100,1020
35204582,715,595,95,690
35204583,610,485,95,580
35204584,2133,1875,185,2060
35204585,862,770,75,845
35204586,913,795,65,860
35204587,392,270,90,360
35204589,1150,990,50,1040
35204590,878,545,310,855
35204591,1232,1020,180,1200
35204592,1817,1535,145,1680
35204593,1575,1410,100,1510
35204594,2102,1930,100,2030
35204595,1142,965,120,1085
35204596,667,560,65,625
35204597,539,410,100,510
35204598,793,695,65,760
35204599,298,280,0,280
35204600,896,310,570,880
35204601,543,490,25,515
35204602,1930,1715,145,1860
35204603,921,405,485,890
35204605,1177,1020,65,1085
35204606,4204,3655,285,3940
35204607,1608,1410,65,1475
35204608,867,690,85,775
35204609,284,215,45,260
35204610,942,860,35,895
35204611,777,645,75,720
35204612,810,625,125,750
35204613,1291,1130,65,1195
35204614,1282,1060,120,1180
35204615,3548,3285,140,3425
35204616,1648,1385,140,1525
35204617,1002,815,70,885
35204618,1107,1020,45,1065
35204620,1631,1465,100,1565
35204621,637,510,75,585
35204622,525,405,100,505
35204623,880,780,80,860
35204624,1467,1320,80,1400
35204625,394,265,75,340
35204626,387,265,70,335
35204627,392,285,55,340
35204628,352,240,65,305
35204629,526,375,85,460
35204630,369,230,85,315
35204631,583,395,105,500
35204632,468,335,60,395
35204633,1999,1545,115,1660
35204634,599,435,60,495
35204635,672,485,60,545
35204636,642,415,110,525
35204637,521,335,75,410
35204638,531,345,75,420
35204639,594,400,95,495
35204640,479,315,60,375
35204641,641,415,95,510
35204642,573,380,80,460
35204643,456,300,60,360
35204644,489,320,60,380
35204645,485,335,80,415
35204646,401,285,60,345
35204647,568,380,110,490
35204648,820,515,95,610
35204649,537,375,35,410
35204650,3073,2335,495,2830
35204652,1088,795,170,965
35204653,3003,1795,895,2690
35204655,1549,1270,195,1465
35204656,798,575,175,750
35204657,1831,1310,185,1495
35204658,327,255,35,290
35204659,615,215,390,605
35204660,325,265,35,300
35204661,1188,715,380,1095
35204662,846,660,100,760
35204663,486,380,55,435
35204664,601,405,140,545
35204665,571,445,65,510
35204667,413,350,35,385
35204668,1201,625,485,1110
35204669,514,400,50,450
35204670,1150,775,300,1075
35204671,422,125,295,420
35204672,794,450,260,710
35204673,584,415,95,510
35204674,544,365,90,455
35204675,1556,700,785,1485
35204676,8524,6795,1235,8030
35204678,446,325,50,375
35204679,389,285,55,340
35204680,639,490,70,560
35204681,439,310,65,375
35204682,506,195,290,485
35204683,443,290,80,370
35204684,608,195,375,570
35204685,439,315,45,360
35204686,515,355,65,420
35204687,374,260,40,300
35204688,657,465,115,580
35204689,824,585,120,705
35204690,1049,785,175,960
35204692,585,470,65,535
35204693,547,370,80,450
35204695,479,340,60,400
35204696,649,465,90,555
35204697,553,430,35,465
35204698,669,475,95,570
35204699,581,400,85,485
35204700,1234,820,275,1095
35204701,144,10,130,140
35204704,1594,1275,165,1440
35204705,354,275,65,340
35204707,1837,1400,270,1670
35204708,250,165,60,225
35204709,384,240,95,335
35204710,1213,815,155,970
35204711,1974,1440,260,1700
35204712,1303,905,180,1085
35204714,1140,745,175,920
35204715,1267,920,130,1050
35204716,1277,880,190,1070
35204717,827,600,125,725
35204718,915,660,90,750
35204719,831,580,110,690
35204720,969,685,135,820
35204721,763,510,105,615
35204722,1403,935,255,1190
35204723,888,605,155,760
35204725,607,425,75,500
35204726,476,355,55,410
35204727,795,545,120,665
35204728,545,375,85,460
35204729,583,405,75,480
35204730,524,380,55,435
35204731,580,410,50,460
35204732,645,465,60,525
35204733,792,595,85,680
35204734,963,600,295,895
35204735,776,400,345,745
35204736,892,700,80,780
35204737,1513,1110,195,1305
35204738,3850,3220,315,3535
35204739,529,390,50,440
35204740,1376,805,450,1255
35204741,346,235,65,300
35204742,1539,675,725,1400
35204743,721,485,160,645
35204744,578,395,100,495
35204745,1097,810,145,955
35204746,1571,1130,125,1255
35204747,1437,970,240,1210
35204748,889,730,80,810
35204749,1168,1035,40,1075
35204750,553,310,175,485
35204751,535,305,150,455
35204752,682,440,140,580
35204753,528,355,60,415
35204754,1939,1530,240,1770
35204755,1124,585,440,1025
35204756,874,395,420,815
35204757,777,295,445,740
35204758,911,710,135,845
35204759,731,475,145,620
35204760,1719,1460,170,1630
35204761,1194,890,85,975
35204762,790,555,95,650
35204763,6959,6120,295,6415
35204764,119,80,15,95
35204765,2108,1380,390,1770
35204766,618,440,70,510
35204767,1241,910,90,1000
35204768,962,610,90,700
35204769,1518,1090,255,1345
35204770,1162,875,120,995
35204771,724,465,160,625
35204772,2093,1415,225,1640
35204773,682,475,80,555
35204774,1004,665,125,790
35204775,684,505,65,570
35204776,1045,765,95,860
35204777,1174,900,80,980
35204778,686,475,110,585
35204779,375,230,90,320
35204780,1042,720,185,905
35204781,704,495,115,610
35204785,671,435,160,595
35204786,832,605,125,730
35204787,509,330,100,430
35204788,1048,695,195,890
35204789,1434,1005,220,1225
35204790,0,NA,NA,NA
35204791,948,650,180,830
35204793,1956,1490,155,1645
35204797,889,640,145,785
35204798,953,655,170,825
35204799,2283,1535,285,1820
35204800,408,235,75,310
35204801,518,320,115,435
35204802,1120,810,95,905
35204803,1125,805,85,890
35204805,698,415,170,585
35204806,286,200,65,265
35204807,1223,900,150,1050
35204808,776,505,180,685
35204809,752,515,45,560
35204810,781,525,135,660
35204811,1023,730,140,870
35204812,617,330,220,550
35204813,1001,780,115,895
35204814,864,655,135,790
35204815,1183,655,445,1100
35204816,1182,875,190,1065
35204817,1385,980,295,1275
35204819,7611,6665,190,6855
35204820,3053,2725,105,2830
35204821,2092,1870,80,1950
35204822,1983,1725,115,1840
35204823,827,735,25,760
35204824,1419,1195,65,1260
35204825,1105,960,60,1020
35204826,3623,3350,120,3470
35204828,1260,1070,100,1170
35204829,829,680,70,750
35204830,1380,985,225,1210
35204831,470,380,30,410
35204832,1837,1450,135,1585
35204835,870,605,140,745
35204836,385,265,55,320
35204837,495,345,75,420
35204838,849,590,90,680
35204839,1597,1245,85,1330
35204840,545,385,40,425
35204841,1629,1510,70,1580
35204842,5092,4830,100,4930
35204843,3025,2800,90,2890
35204844,2513,2305,75,2380
35204845,3878,3550,145,3695
35204846,1633,1310,160,1470
35204847,1332,1090,120,1210
35204848,884,400,400,800
35204851,780,475,105,580
35204852,732,515,65,580
35204853,371,235,80,315
35204854,0,NA,NA,NA
35204855,646,410,135,545
35204856,1533,1105,210,1315
35204857,1197,915,175,1090
35204858,887,630,150,780
35204859,1340,830,370,1200
35204860,0,NA,NA,NA
35204861,576,370,140,510
35204862,990,810,90,900
35204863,1634,1320,155,1475
35204864,1498,1275,60,1335
35204865,1186,795,200,995
35204866,648,405,135,540
35204867,733,465,225,690
35204869,303,70,230,300
35204870,2292,2125,75,2200
35204871,2325,2210,30,2240
35204872,3863,3565,85,3650
35204873,1582,1295,165,1460
35204876,691,450,35,485
35204877,345,230,40,270
35204878,0,NA,NA,NA
35204879,1075,550,445,995
35204880,1750,1500,110,1610
35204881,498,360,40,400
35204882,1725,1635,30,1665
35204883,2033,1810,120,1930
35204884,509,375,85,460
35204885,3417,2620,480,3100
35204886,423,315,50,365
35204887,1229,925,125,1050
35204888,1700,1430,100,1530
35204889,353,265,55,320
35204890,398,260,80,340
35204891,1981,1530,270,1800
35204892,160,90,45,135
35204893,287,190,50,240
35204894,4877,4510,130,4640
35204895,2453,2220,85,2305
35204896,1711,1555,45,1600
35204897,2036,1705,260,1965
35204898,1617,1450,90,1540
35204899,0,NA,NA,NA
35204900,4731,4370,155,4525
35204901,1373,1210,100,1310
35204902,1888,1740,65,1805
35204903,4366,3755,295,4050
35204904,626,485,75,560
35204905,4298,3630,260,3890
35204906,1343,965,125,1090
35204908,4255,3865,115,3980
35204909,1729,1425,95,1520
35204910,980,630,220,850
35204911,280,205,35,240
35204912,2029,1690,200,1890
35204913,439,295,105,400
35204915,604,390,120,510
35204916,904,620,235,855
35204918,1264,540,650,1190
35204919,633,415,115,530
35204920,297,20,280,300
35204922,4787,4105,305,4410
35204923,1678,1115,390,1505
35204924,558,400,110,510
35204925,2108,1610,290,1900
35204926,640,430,135,565
35204927,2299,1440,410,1850
35204928,2193,1420,170,1590
35204930,3110,2030,215,2245
35204935,4711,2930,210,3140
35204936,2269,1430,290,1720
35204937,1174,750,305,1055
35204939,885,565,200,765
35204940,3674,2540,425,2965
35204941,699,600,65,665
35204942,1456,1170,230,1400
35204944,2168,1490,135,1625
35204945,806,555,130,685
35204949,3670,2690,300,2990
35204950,520,335,130,465
35204951,530,370,100,470
35204952,574,385,135,520
35204954,2539,1820,215,2035
35204956,3198,2155,165,2320
35204957,434,330,45,375
35204958,645,450,120,570
35204960,1852,925,785,1710
35204965,981,755,85,840
35204966,690,500,75,575
35204968,792,540,125,665
35204969,1393,980,235,1215
35204970,681,450,165,615
35204977,1175,690,330,1020
35204978,1144,445,610,1055
35204979,1580,1005,385,1390
35204981,1641,1170,170,1340
35204982,948,580,295,875
35204984,844,545,100,645
35204985,3298,2330,340,2670
35204986,1022,685,220,905
35204987,1252,925,135,1060
35204988,1301,860,225,1085
35204989,2418,1810,205,2015
35204990,560,395,100,495
35204991,2258,1605,180,1785
35204992,1267,750,345,1095
35204993,1760,1425,250,1675
35204994,917,840,40,880
35204995,1212,1050,90,1140
35204996,334,270,40,310
35204997,1165,1040,70,1110
35204998,730,565,130,695
35204999,1701,1005,520,1525
35205000,412,260,80,340
35205001,2375,1110,1130,2240
35205002,2774,1650,695,2345
35205003,1315,830,345,1175
35205004,1117,645,335,980
35205005,998,655,245,900
35205006,763,530,135,665
35205007,1935,1175,460,1635
35205008,948,530,330,860
35205009,1639,1000,360,1360
35205010,624,395,180,575
35205011,2385,1150,1070,2220
35205012,1050,795,125,920
35205013,1360,1030,120,1150
35205014,1869,1295,240,1535
35205015,1030,735,140,875
35205016,1090,800,125,925
35205017,1221,890,95,985
35205018,819,580,95,675
35205019,1307,900,105,1005
35205020,1389,1055,145,1200
35205021,1325,825,335,1160
35205022,1361,895,200,1095
35205023,1940,1250,495,1745
35205024,954,620,95,715
35205025,775,495,145,640
35205026,500,340,85,425
35205027,1849,1320,240,1560
35205028,3464,2410,180,2590
35205029,1032,710,130,840
35205030,3752,2550,345,2895
35205032,2569,1725,390,2115
35205033,2781,1905,265,2170
35205034,862,390,410,800
35205035,911,685,160,845
35205036,1806,1505,130,1635
35205037,3961,2710,360,3070
35205038,2110,1530,170,1700
35205039,1190,850,155,1005
35205040,709,550,75,625
35205041,1561,1025,150,1175
35205043,1597,1115,270,1385
35205044,1403,925,265,1190
35205047,2406,1630,155,1785
35205048,714,480,115,595
35205049,1019,660,215,875
35205051,2006,1355,180,1535
35205052,678,455,135,590
35205053,1515,1060,165,1225
35205054,1393,895,275,1170
35205055,434,345,40,385
35205057,2139,1570,245,1815
35205059,1142,855,135,990
35205060,2300,1720,475,2195
35205061,790,685,60,745
35205062,1489,1245,175,1420
35205063,2650,2290,210,2500
35205064,1565,1290,105,1395
35205065,1700,1580,20,1600
35205066,2158,1585,270,1855
35205067,1955,1120,735,1855
35205068,1137,825,160,985
35205069,1323,1120,110,1230
